220.0 -3000.0
220.9 -2987.5
221.8 -2975.0
222.7 -2962.5
223.6 -2950.0
224.5 -2937.5
225.4 -2925.0
226.3 -2912.5
227.2 -2900.0
228.1 -2887.5
228.9 -2875.0
229.8 -2862.5
230.7 -2850.0
231.6 -2837.5
232.4 -2825.0
233.3 -2812.5
234.1 -2800.0
235.0 -2787.5
235.8 -2775.0
236.7 -2762.5
237.5 -2750.0
238.3 -2737.5
239.1 -2725.0
239.9 -2712.5
240.7 -2700.0
241.5 -2687.5
242.2 -2675.0
243.0 -2662.5
243.8 -2650.0
244.5 -2637.5
245.2 -2625.0
245.9 -2612.5
246.6 -2600.0
247.3 -2587.5
248.0 -2575.0
248.6 -2562.5
249.3 -2550.0
249.9 -2537.5
250.5 -2525.0
251.1 -2512.5
251.7 -2500.0
252.3 -2487.5
252.9 -2475.0
253.4 -2462.5
253.9 -2450.0
254.4 -2437.5
254.9 -2425.0
255.4 -2412.5
255.8 -2400.0
256.2 -2387.5
256.6 -2375.0
257.0 -2362.5
257.4 -2350.0
257.7 -2337.5
258.0 -2325.0
258.3 -2312.5
258.6 -2300.0
258.9 -2287.5
259.1 -2275.0
259.3 -2262.5
259.5 -2250.0
259.7 -2237.5
259.8 -2225.0
259.9 -2212.5
260.0 -2200.0
260.1 -2187.5
260.1 -2175.0
260.1 -2162.5
260.1 -2150.0
260.0 -2137.5
260.0 -2125.0
259.9 -2112.5
259.8 -2100.0
259.6 -2087.5
259.5 -2075.0
259.3 -2062.5
259.1 -2050.0
258.8 -2037.5
258.6 -2025.0
258.3 -2012.5
258.0 -2000.0
257.7 -1987.5
257.3 -1975.0
257.0 -1962.5
256.6 -1950.0
256.2 -1937.5
255.7 -1925.0
255.3 -1912.5
254.8 -1900.0
254.3 -1887.5
253.8 -1875.0
253.3 -1862.5
252.7 -1850.0
252.1 -1837.5
251.5 -1825.0
250.9 -1812.5
250.3 -1800.0
249.6 -1787.5
249.0 -1775.0
248.3 -1762.5
247.6 -1750.0
246.9 -1737.5
246.1 -1725.0
245.4 -1712.5
244.6 -1700.0
243.8 -1687.5
243.0 -1675.0
242.1 -1662.5
241.3 -1650.0
240.4 -1637.5
239.6 -1625.0
238.7 -1612.5
237.8 -1600.0
236.9 -1587.5
235.9 -1575.0
235.0 -1562.5
234.0 -1550.0
233.0 -1537.5
232.0 -1525.0
231.0 -1512.5
230.0 -1500.0
229.0 -1487.5
227.9 -1475.0
226.9 -1462.5
225.8 -1450.0
224.7 -1437.5
223.6 -1425.0
222.5 -1412.5
221.4 -1400.0
220.3 -1387.5
219.2 -1375.0
218.1 -1362.5
217.0 -1350.0
215.9 -1337.5
214.7 -1325.0
213.6 -1312.5
212.5 -1300.0
211.4 -1287.5
210.3 -1275.0
209.2 -1262.5
208.1 -1250.0
207.0 -1237.5
205.9 -1225.0
204.8 -1212.5
203.8 -1200.0
202.7 -1187.5
201.7 -1175.0
200.6 -1162.5
199.6 -1150.0
198.6 -1137.5
197.6 -1125.0
196.6 -1112.5
195.7 -1100.0
194.7 -1087.5
193.8 -1075.0
192.9 -1062.5
192.0 -1050.0
191.2 -1037.5
190.4 -1025.0
189.6 -1012.5
188.8 -1000.0
188.0 -987.5
187.3 -975.0
186.6 -962.5
185.9 -950.0
185.3 -937.5
184.7 -925.0
184.1 -912.5
183.6 -900.0
183.1 -887.5
182.6 -875.0
182.2 -862.5
181.8 -850.0
181.4 -837.5
181.1 -825.0
180.8 -812.5
180.6 -800.0
180.4 -787.5
180.2 -775.0
180.1 -762.5
180.1 -750.0
180.1 -737.5
180.1 -725.0
180.2 -712.5
180.3 -700.0
180.5 -687.5
180.7 -675.0
181.0 -662.5
181.4 -650.0
181.8 -637.5
182.2 -625.0
182.7 -612.5
183.3 -600.0
183.9 -587.5
184.6 -575.0
185.3 -562.5
186.1 -550.0
187.0 -537.5
187.9 -525.0
188.9 -512.5
190.0 -500.0
191.1 -487.5
192.3 -475.0
193.6 -462.5
194.9 -450.0
196.2 -437.5
197.6 -425.0
199.1 -412.5
200.6 -400.0
202.1 -387.5
203.7 -375.0
205.3 -362.5
206.9 -350.0
208.6 -337.5
210.2 -325.0
211.9 -312.5
213.7 -300.0
215.4 -287.5
217.1 -275.0
218.8 -262.5
220.6 -250.0
222.3 -237.5
224.0 -225.0
225.7 -212.5
227.4 -200.0
229.1 -187.5
230.8 -175.0
232.4 -162.5
234.0 -150.0
235.6 -137.5
237.2 -125.0
238.7 -112.5
240.1 -100.0
241.6 -87.5
242.9 -75.0
244.3 -62.5
245.5 -50.0
246.7 -37.5
247.9 -25.0
249.0 -12.5
250.0 0.0
250.9 12.5
251.8 25.0
252.6 37.5
253.4 50.0
254.0 62.5
254.7 75.0
255.2 87.5
255.7 100.0
256.1 112.5
256.5 125.0
256.8 137.5
257.1 150.0
257.3 162.5
257.4 175.0
257.6 187.5
257.6 200.0
257.6 212.5
257.6 225.0
257.5 237.5
257.4 250.0
257.3 262.5
257.1 275.0
256.9 287.5
256.6 300.0
256.4 312.5
256.0 325.0
255.7 337.5
255.3 350.0
254.9 362.5
254.5 375.0
254.1 387.5
253.6 400.0
253.1 412.5
252.6 425.0
252.1 437.5
251.6 450.0
251.0 462.5
250.5 475.0
249.9 487.5
249.4 500.0
248.8 512.5
248.2 525.0
247.6 537.5
247.1 550.0
246.5 562.5
245.9 575.0
245.3 587.5
244.8 600.0
244.2 612.5
243.7 625.0
243.1 637.5
242.6 650.0
242.1 662.5
241.6 675.0
241.1 687.5
240.7 700.0
240.2 712.5
239.8 725.0
239.5 737.5
239.1 750.0
238.7 762.5
238.4 775.0
238.1 787.5
237.9 800.0
237.6 812.5
237.4 825.0
237.2 837.5
237.0 850.0
236.8 862.5
236.6 875.0
236.5 887.5
236.4 900.0
236.3 912.5
236.2 925.0
236.2 937.5
236.1 950.0
236.1 962.5
236.1 975.0
236.1 987.5
236.1 1000.0
236.1 1012.5
236.2 1025.0
236.2 1037.5
236.3 1050.0
236.4 1062.5
236.5 1075.0
236.6 1087.5
236.7 1100.0
236.9 1112.5
237.0 1125.0
237.2 1137.5
237.3 1150.0
237.5 1162.5
237.7 1175.0
237.9 1187.5
238.1 1200.0
238.3 1212.5
238.5 1225.0
238.8 1237.5
239.0 1250.0
239.2 1262.5
239.5 1275.0
239.7 1287.5
240.0 1300.0
240.3 1312.5
240.5 1325.0
240.8 1337.5
241.1 1350.0
241.4 1362.5
241.6 1375.0
241.9 1387.5
242.2 1400.0
242.5 1412.5
242.8 1425.0
243.1 1437.5
243.4 1450.0
243.7 1462.5
244.0 1475.0
244.3 1487.5
244.6 1500.0
244.9 1512.5
245.1 1525.0
245.4 1537.5
245.7 1550.0
246.0 1562.5
246.3 1575.0
246.6 1587.5
246.8 1600.0
247.1 1612.5
247.4 1625.0
247.6 1637.5
247.9 1650.0
248.1 1662.5
248.4 1675.0
248.6 1687.5
248.8 1700.0
249.0 1712.5
249.3 1725.0
249.5 1737.5
249.6 1750.0
249.8 1762.5
250.0 1775.0
250.2 1787.5
250.3 1800.0
250.5 1812.5
250.6 1825.0
250.7 1837.5
250.8 1850.0
250.9 1862.5
251.0 1875.0
251.1 1887.5
251.2 1900.0
251.2 1912.5
251.2 1925.0
251.3 1937.5
251.3 1950.0
251.3 1962.5
251.2 1975.0
251.2 1987.5
251.1 2000.0
251.0 2012.5
250.9 2025.0
250.8 2037.5
250.7 2050.0
250.6 2062.5
250.4 2075.0
250.2 2087.5
250.0 2100.0
249.8 2112.5
249.5 2125.0
249.3 2137.5
249.0 2150.0
248.7 2162.5
248.4 2175.0
248.0 2187.5
247.7 2200.0
247.3 2212.5
246.9 2225.0
246.5 2237.5
246.1 2250.0
245.6 2262.5
245.2 2275.0
244.7 2287.5
244.2 2300.0
243.7 2312.5
243.2 2325.0
242.6 2337.5
242.1 2350.0
241.5 2362.5
240.9 2375.0
240.3 2387.5
239.7 2400.0
239.1 2412.5
238.5 2425.0
237.8 2437.5
237.2 2450.0
236.5 2462.5
235.8 2475.0
235.1 2487.5
234.4 2500.0
233.7 2512.5
233.0 2525.0
232.2 2537.5
231.5 2550.0
230.7 2562.5
229.9 2575.0
229.2 2587.5
228.4 2600.0
227.6 2612.5
226.8 2625.0
226.0 2637.5
225.1 2650.0
224.3 2662.5
223.5 2675.0
222.6 2687.5
221.8 2700.0
220.9 2712.5
220.1 2725.0
219.2 2737.5
218.3 2750.0
217.4 2762.5
216.5 2775.0
215.6 2787.5
214.8 2800.0
213.9 2812.5
212.9 2825.0
212.0 2837.5
211.1 2850.0
210.2 2862.5
209.3 2875.0
208.4 2887.5
207.4 2900.0
206.5 2912.5
205.6 2925.0
204.7 2937.5
203.7 2950.0
202.8 2962.5
201.9 2975.0
200.9 2987.5
200.0 3000.0
