720.0 -3000.0
722.4 -2987.5
724.9 -2975.0
727.3 -2962.5
729.7 -2950.0
732.1 -2937.5
734.4 -2925.0
736.7 -2912.5
739.0 -2900.0
741.3 -2887.5
743.5 -2875.0
745.6 -2862.5
747.7 -2850.0
749.8 -2837.5
751.7 -2825.0
753.6 -2812.5
755.5 -2800.0
757.2 -2787.5
758.8 -2775.0
760.4 -2762.5
761.9 -2750.0
763.2 -2737.5
764.5 -2725.0
765.6 -2712.5
766.7 -2700.0
767.6 -2687.5
768.3 -2675.0
769.0 -2662.5
769.5 -2650.0
769.8 -2637.5
770.0 -2625.0
770.1 -2612.5
770.0 -2600.0
769.7 -2587.5
769.3 -2575.0
768.8 -2562.5
768.1 -2550.0
767.3 -2537.5
766.4 -2525.0
765.4 -2512.5
764.3 -2500.0
763.1 -2487.5
761.8 -2475.0
760.5 -2462.5
759.2 -2450.0
757.8 -2437.5
756.4 -2425.0
755.0 -2412.5
753.6 -2400.0
752.2 -2387.5
750.9 -2375.0
749.5 -2362.5
748.2 -2350.0
747.0 -2337.5
745.8 -2325.0
744.7 -2312.5
743.7 -2300.0
742.8 -2287.5
742.0 -2275.0
741.3 -2262.5
740.7 -2250.0
740.3 -2237.5
740.0 -2225.0
739.9 -2212.5
740.0 -2200.0
740.3 -2187.5
740.7 -2175.0
741.3 -2162.5
742.0 -2150.0
742.9 -2137.5
743.9 -2125.0
745.1 -2112.5
746.3 -2100.0
747.7 -2087.5
749.1 -2075.0
750.6 -2062.5
752.2 -2050.0
753.8 -2037.5
755.5 -2025.0
757.2 -2012.5
759.0 -2000.0
760.7 -1987.5
762.5 -1975.0
764.2 -1962.5
765.9 -1950.0
767.6 -1937.5
769.3 -1925.0
770.9 -1912.5
772.4 -1900.0
773.9 -1887.5
775.3 -1875.0
776.6 -1862.5
777.8 -1850.0
778.9 -1837.5
779.8 -1825.0
780.6 -1812.5
781.3 -1800.0
781.8 -1787.5
782.1 -1775.0
782.3 -1762.5
782.3 -1750.0
782.0 -1737.5
781.6 -1725.0
780.9 -1712.5
780.0 -1700.0
778.9 -1687.5
777.5 -1675.0
775.9 -1662.5
774.1 -1650.0
772.1 -1637.5
769.9 -1625.0
767.5 -1612.5
764.9 -1600.0
762.3 -1587.5
759.4 -1575.0
756.4 -1562.5
753.4 -1550.0
750.1 -1537.5
746.8 -1525.0
743.5 -1512.5
740.0 -1500.0
736.5 -1487.5
732.9 -1475.0
729.3 -1462.5
725.7 -1450.0
722.2 -1437.5
718.7 -1425.0
715.2 -1412.5
711.9 -1400.0
708.7 -1387.5
705.6 -1375.0
702.7 -1362.5
699.9 -1350.0
697.4 -1337.5
695.1 -1325.0
693.1 -1312.5
691.3 -1300.0
689.9 -1287.5
688.7 -1275.0
688.0 -1262.5
687.5 -1250.0
687.5 -1237.5
687.9 -1225.0
688.7 -1212.5
690.0 -1200.0
691.8 -1187.5
693.9 -1175.0
696.5 -1162.5
699.4 -1150.0
702.5 -1137.5
705.9 -1125.0
709.5 -1112.5
713.1 -1100.0
716.8 -1087.5
720.5 -1075.0
724.2 -1062.5
727.8 -1050.0
731.2 -1037.5
734.4 -1025.0
737.4 -1012.5
740.0 -1000.0
742.3 -987.5
744.2 -975.0
745.8 -962.5
747.1 -950.0
748.1 -937.5
748.8 -925.0
749.2 -912.5
749.3 -900.0
749.2 -887.5
748.9 -875.0
748.3 -862.5
747.6 -850.0
746.6 -837.5
745.5 -825.0
744.2 -812.5
742.8 -800.0
741.3 -787.5
739.6 -775.0
737.8 -762.5
736.0 -750.0
734.1 -737.5
732.1 -725.0
730.1 -712.5
728.1 -700.0
726.0 -687.5
724.0 -675.0
722.0 -662.5
720.0 -650.0
718.1 -637.5
716.2 -625.0
714.5 -612.5
712.9 -600.0
711.5 -587.5
710.4 -575.0
709.5 -562.5
708.8 -550.0
708.6 -537.5
708.6 -525.0
709.1 -512.5
710.0 -500.0
711.4 -487.5
713.1 -475.0
715.2 -462.5
717.5 -450.0
720.0 -437.5
722.6 -425.0
725.3 -412.5
728.0 -400.0
730.5 -387.5
732.9 -375.0
735.1 -362.5
737.2 -350.0
739.2 -337.5
741.0 -325.0
742.7 -312.5
744.3 -300.0
745.7 -287.5
747.0 -275.0
748.1 -262.5
749.2 -250.0
750.1 -237.5
750.9 -225.0
751.6 -212.5
752.2 -200.0
752.7 -187.5
753.1 -175.0
753.4 -162.5
753.7 -150.0
753.8 -137.5
753.8 -125.0
753.8 -112.5
753.6 -100.0
753.4 -87.5
753.2 -75.0
752.8 -62.5
752.4 -50.0
751.9 -37.5
751.4 -25.0
750.8 -12.5
750.2 0.0
749.5 12.5
748.7 25.0
748.0 37.5
747.1 50.0
746.3 62.5
745.4 75.0
744.5 87.5
743.5 100.0
742.6 112.5
741.6 125.0
740.6 137.5
739.6 150.0
738.5 162.5
737.5 175.0
736.5 187.5
735.5 200.0
734.4 212.5
733.4 225.0
732.4 237.5
731.4 250.0
730.5 262.5
729.5 275.0
728.6 287.5
727.7 300.0
726.8 312.5
726.0 325.0
725.2 337.5
724.4 350.0
723.7 362.5
723.1 375.0
722.4 387.5
721.9 400.0
721.4 412.5
721.0 425.0
720.6 437.5
720.3 450.0
720.0 462.5
719.9 475.0
719.8 487.5
719.8 500.0
719.9 512.5
720.1 525.0
720.3 537.5
720.7 550.0
721.1 562.5
721.6 575.0
722.1 587.5
722.6 600.0
723.2 612.5
723.9 625.0
724.5 637.5
725.1 650.0
725.8 662.5
726.4 675.0
727.0 687.5
727.6 700.0
728.1 712.5
728.6 725.0
729.0 737.5
729.4 750.0
729.7 762.5
729.9 775.0
730.0 787.5
730.0 800.0
729.9 812.5
729.7 825.0
729.4 837.5
729.0 850.0
728.5 862.5
728.0 875.0
727.3 887.5
726.6 900.0
725.8 912.5
725.0 925.0
724.1 937.5
723.2 950.0
722.2 962.5
721.3 975.0
720.2 987.5
719.2 1000.0
718.1 1012.5
717.1 1025.0
716.0 1037.5
714.9 1050.0
713.9 1062.5
712.8 1075.0
711.8 1087.5
710.8 1100.0
709.8 1112.5
708.9 1125.0
708.0 1137.5
707.1 1150.0
706.3 1162.5
705.5 1175.0
704.8 1187.5
704.0 1200.0
703.4 1212.5
702.7 1225.0
702.1 1237.5
701.5 1250.0
701.0 1262.5
700.4 1275.0
699.9 1287.5
699.5 1300.0
699.1 1312.5
698.7 1325.0
698.3 1337.5
697.9 1350.0
697.6 1362.5
697.3 1375.0
697.1 1387.5
696.8 1400.0
696.6 1412.5
696.5 1425.0
696.3 1437.5
696.2 1450.0
696.1 1462.5
696.0 1475.0
695.9 1487.5
695.9 1500.0
695.9 1512.5
695.9 1525.0
695.9 1537.5
696.0 1550.0
696.0 1562.5
696.1 1575.0
696.3 1587.5
696.4 1600.0
696.5 1612.5
696.7 1625.0
696.9 1637.5
697.1 1650.0
697.3 1662.5
697.6 1675.0
697.8 1687.5
698.1 1700.0
698.4 1712.5
698.7 1725.0
699.0 1737.5
699.3 1750.0
699.6 1762.5
700.0 1775.0
700.4 1787.5
700.7 1800.0
701.1 1812.5
701.5 1825.0
701.9 1837.5
702.3 1850.0
702.8 1862.5
703.2 1875.0
703.7 1887.5
704.1 1900.0
704.6 1912.5
705.0 1925.0
705.5 1937.5
706.0 1950.0
706.5 1962.5
707.0 1975.0
707.5 1987.5
708.0 2000.0
708.5 2012.5
709.0 2025.0
709.5 2037.5
710.0 2050.0
710.5 2062.5
711.0 2075.0
711.5 2087.5
712.1 2100.0
712.6 2112.5
713.1 2125.0
713.6 2137.5
714.1 2150.0
714.6 2162.5
715.1 2175.0
715.6 2187.5
716.2 2200.0
716.6 2212.5
717.1 2225.0
717.6 2237.5
718.1 2250.0
718.6 2262.5
719.1 2275.0
719.5 2287.5
720.0 2300.0
720.5 2312.5
720.9 2325.0
721.3 2337.5
721.7 2350.0
722.1 2362.5
722.4 2375.0
722.7 2387.5
722.9 2400.0
723.1 2412.5
723.2 2425.0
723.3 2437.5
723.3 2450.0
723.2 2462.5
723.1 2475.0
722.8 2487.5
722.5 2500.0
722.1 2512.5
721.5 2525.0
720.9 2537.5
720.1 2550.0
719.2 2562.5
718.2 2575.0
717.1 2587.5
715.8 2600.0
714.4 2612.5
712.8 2625.0
711.1 2637.5
709.2 2650.0
707.2 2662.5
705.0 2675.0
702.6 2687.5
700.0 2700.0
697.2 2712.5
694.3 2725.0
691.2 2737.5
687.9 2750.0
684.5 2762.5
680.9 2775.0
677.2 2787.5
673.3 2800.0
669.4 2812.5
665.3 2825.0
661.1 2837.5
656.8 2850.0
652.4 2862.5
647.9 2875.0
643.3 2887.5
638.7 2900.0
634.0 2912.5
629.2 2925.0
624.4 2937.5
619.6 2950.0
614.7 2962.5
609.8 2975.0
604.9 2987.5
600.0 3000.0
