520.0 -3000.0
523.4 -2987.5
526.7 -2975.0
530.1 -2962.5
533.4 -2950.0
536.6 -2937.5
539.8 -2925.0
542.9 -2912.5
545.9 -2900.0
548.8 -2887.5
551.6 -2875.0
554.2 -2862.5
556.7 -2850.0
559.0 -2837.5
561.2 -2825.0
563.1 -2812.5
564.9 -2800.0
566.4 -2787.5
567.7 -2775.0
568.8 -2762.5
569.6 -2750.0
570.2 -2737.5
570.4 -2725.0
570.4 -2712.5
570.0 -2700.0
569.3 -2687.5
568.4 -2675.0
567.1 -2662.5
565.7 -2650.0
564.0 -2637.5
562.2 -2625.0
560.3 -2612.5
558.3 -2600.0
556.2 -2587.5
554.1 -2575.0
552.0 -2562.5
549.9 -2550.0
547.9 -2537.5
546.0 -2525.0
544.2 -2512.5
542.6 -2500.0
541.3 -2487.5
540.1 -2475.0
539.2 -2462.5
538.6 -2450.0
538.4 -2437.5
538.5 -2425.0
539.0 -2412.5
540.0 -2400.0
541.4 -2387.5
543.2 -2375.0
545.4 -2362.5
547.9 -2350.0
550.6 -2337.5
553.5 -2325.0
556.5 -2312.5
559.6 -2300.0
562.7 -2287.5
565.7 -2275.0
568.7 -2262.5
571.5 -2250.0
574.1 -2237.5
576.4 -2225.0
578.4 -2212.5
580.0 -2200.0
581.2 -2187.5
581.9 -2175.0
582.3 -2162.5
582.3 -2150.0
581.9 -2137.5
581.3 -2125.0
580.3 -2112.5
579.0 -2100.0
577.5 -2087.5
575.7 -2075.0
573.8 -2062.5
571.7 -2050.0
569.3 -2037.5
566.9 -2025.0
564.4 -2012.5
561.7 -2000.0
559.0 -1987.5
556.2 -1975.0
553.4 -1962.5
550.7 -1950.0
547.9 -1937.5
545.2 -1925.0
542.5 -1912.5
540.0 -1900.0
537.6 -1887.5
535.2 -1875.0
533.0 -1862.5
530.9 -1850.0
528.9 -1837.5
527.0 -1825.0
525.1 -1812.5
523.4 -1800.0
521.7 -1787.5
520.0 -1775.0
518.5 -1762.5
517.0 -1750.0
515.5 -1737.5
514.1 -1725.0
512.7 -1712.5
511.4 -1700.0
510.1 -1687.5
508.8 -1675.0
507.5 -1662.5
506.2 -1650.0
505.0 -1637.5
503.7 -1625.0
502.5 -1612.5
501.2 -1600.0
499.9 -1587.5
498.6 -1575.0
497.3 -1562.5
495.9 -1550.0
494.5 -1537.5
493.1 -1525.0
491.6 -1512.5
490.0 -1500.0
488.4 -1487.5
486.7 -1475.0
485.0 -1462.5
483.3 -1450.0
481.5 -1437.5
479.7 -1425.0
478.0 -1412.5
476.2 -1400.0
474.4 -1387.5
472.7 -1375.0
471.0 -1362.5
469.3 -1350.0
467.8 -1337.5
466.2 -1325.0
464.8 -1312.5
463.4 -1300.0
462.1 -1287.5
460.9 -1275.0
459.8 -1262.5
458.9 -1250.0
458.1 -1237.5
457.4 -1225.0
456.8 -1212.5
456.5 -1200.0
456.3 -1187.5
456.2 -1175.0
456.4 -1162.5
456.8 -1150.0
457.3 -1137.5
458.1 -1125.0
459.1 -1112.5
460.4 -1100.0
461.9 -1087.5
463.6 -1075.0
465.6 -1062.5
467.9 -1050.0
470.5 -1037.5
473.4 -1025.0
476.5 -1012.5
480.0 -1000.0
483.8 -987.5
487.8 -975.0
491.9 -962.5
496.1 -950.0
500.3 -937.5
504.3 -925.0
508.0 -912.5
511.5 -900.0
514.5 -887.5
516.9 -875.0
518.8 -862.5
520.0 -850.0
520.4 -837.5
520.2 -825.0
519.4 -812.5
518.2 -800.0
516.7 -787.5
515.1 -775.0
513.5 -762.5
512.1 -750.0
510.8 -737.5
510.0 -725.0
509.7 -712.5
510.0 -700.0
511.1 -687.5
512.9 -675.0
515.3 -662.5
518.3 -650.0
521.9 -637.5
525.9 -625.0
530.3 -612.5
535.0 -600.0
539.9 -587.5
545.1 -575.0
550.4 -562.5
555.7 -550.0
561.0 -537.5
566.3 -525.0
571.4 -512.5
576.3 -500.0
580.9 -487.5
585.2 -475.0
589.2 -462.5
593.0 -450.0
596.5 -437.5
599.7 -425.0
602.7 -412.5
605.5 -400.0
608.1 -387.5
610.6 -375.0
612.9 -362.5
615.1 -350.0
617.2 -337.5
619.2 -325.0
621.2 -312.5
623.0 -300.0
624.8 -287.5
626.5 -275.0
628.1 -262.5
629.5 -250.0
630.8 -237.5
631.9 -225.0
632.8 -212.5
633.5 -200.0
634.1 -187.5
634.3 -175.0
634.3 -162.5
634.1 -150.0
633.5 -137.5
632.7 -125.0
631.5 -112.5
630.0 -100.0
628.1 -87.5
626.0 -75.0
623.6 -62.5
621.0 -50.0
618.3 -37.5
615.5 -25.0
612.8 -12.5
610.0 0.0
607.3 12.5
604.8 25.0
602.3 37.5
599.9 50.0
597.6 62.5
595.5 75.0
593.4 87.5
591.3 100.0
589.4 112.5
587.6 125.0
585.8 137.5
584.2 150.0
582.6 162.5
581.1 175.0
579.7 187.5
578.3 200.0
577.1 212.5
575.9 225.0
574.8 237.5
573.7 250.0
572.8 262.5
571.9 275.0
571.1 287.5
570.3 300.0
569.6 312.5
569.0 325.0
568.5 337.5
568.0 350.0
567.5 362.5
567.2 375.0
566.9 387.5
566.6 400.0
566.4 412.5
566.3 425.0
566.2 437.5
566.2 450.0
566.2 462.5
566.3 475.0
566.4 487.5
566.6 500.0
566.8 512.5
567.1 525.0
567.4 537.5
567.8 550.0
568.2 562.5
568.6 575.0
569.1 587.5
569.6 600.0
570.1 612.5
570.7 625.0
571.4 637.5
572.0 650.0
572.7 662.5
573.4 675.0
574.2 687.5
574.9 700.0
575.7 712.5
576.6 725.0
577.4 737.5
578.3 750.0
579.2 762.5
580.1 775.0
581.1 787.5
582.0 800.0
583.0 812.5
584.0 825.0
585.0 837.5
586.0 850.0
587.0 862.5
588.0 875.0
589.1 887.5
590.1 900.0
591.2 912.5
592.2 925.0
593.3 937.5
594.4 950.0
595.4 962.5
596.5 975.0
597.6 987.5
598.6 1000.0
599.7 1012.5
600.8 1025.0
601.8 1037.5
602.8 1050.0
603.9 1062.5
604.9 1075.0
605.9 1087.5
606.9 1100.0
607.9 1112.5
608.8 1125.0
609.8 1137.5
610.7 1150.0
611.6 1162.5
612.5 1175.0
613.4 1187.5
614.2 1200.0
615.1 1212.5
615.8 1225.0
616.6 1237.5
617.4 1250.0
618.1 1262.5
618.7 1275.0
619.4 1287.5
620.0 1300.0
620.6 1312.5
621.1 1325.0
621.6 1337.5
622.1 1350.0
622.5 1362.5
623.0 1375.0
623.3 1387.5
623.7 1400.0
624.0 1412.5
624.3 1425.0
624.5 1437.5
624.7 1450.0
624.9 1462.5
625.1 1475.0
625.2 1487.5
625.3 1500.0
625.3 1512.5
625.4 1525.0
625.4 1537.5
625.4 1550.0
625.3 1562.5
625.2 1575.0
625.1 1587.5
625.0 1600.0
624.8 1612.5
624.6 1625.0
624.4 1637.5
624.1 1650.0
623.9 1662.5
623.6 1675.0
623.2 1687.5
622.9 1700.0
622.5 1712.5
622.1 1725.0
621.7 1737.5
621.2 1750.0
620.8 1762.5
620.3 1775.0
619.7 1787.5
619.2 1800.0
618.6 1812.5
618.0 1825.0
617.4 1837.5
616.8 1850.0
616.1 1862.5
615.5 1875.0
614.8 1887.5
614.1 1900.0
613.3 1912.5
612.6 1925.0
611.8 1937.5
611.0 1950.0
610.2 1962.5
609.3 1975.0
608.5 1987.5
607.6 2000.0
606.7 2012.5
605.8 2025.0
604.9 2037.5
603.9 2050.0
603.0 2062.5
602.0 2075.0
601.0 2087.5
600.0 2100.0
599.0 2112.5
597.9 2125.0
596.9 2137.5
595.8 2150.0
594.7 2162.5
593.6 2175.0
592.5 2187.5
591.4 2200.0
590.3 2212.5
589.1 2225.0
587.9 2237.5
586.8 2250.0
585.6 2262.5
584.4 2275.0
583.1 2287.5
581.9 2300.0
580.7 2312.5
579.4 2325.0
578.1 2337.5
576.9 2350.0
575.6 2362.5
574.3 2375.0
573.0 2387.5
571.6 2400.0
570.3 2412.5
569.0 2425.0
567.6 2437.5
566.3 2450.0
564.9 2462.5
563.5 2475.0
562.1 2487.5
560.7 2500.0
559.3 2512.5
557.9 2525.0
556.5 2537.5
555.0 2550.0
553.6 2562.5
552.2 2575.0
550.7 2587.5
549.2 2600.0
547.8 2612.5
546.3 2625.0
544.8 2637.5
543.3 2650.0
541.8 2662.5
540.3 2675.0
538.8 2687.5
537.3 2700.0
535.8 2712.5
534.3 2725.0
532.8 2737.5
531.2 2750.0
529.7 2762.5
528.2 2775.0
526.6 2787.5
525.1 2800.0
523.5 2812.5
522.0 2825.0
520.4 2837.5
518.8 2850.0
517.3 2862.5
515.7 2875.0
514.2 2887.5
512.6 2900.0
511.0 2912.5
509.4 2925.0
507.9 2937.5
506.3 2950.0
504.7 2962.5
503.2 2975.0
501.6 2987.5
500.0 3000.0
