320.0 -3000.0
320.6 -2987.5
321.2 -2975.0
321.8 -2962.5
322.3 -2950.0
322.9 -2937.5
323.5 -2925.0
324.1 -2912.5
324.7 -2900.0
325.3 -2887.5
325.9 -2875.0
326.5 -2862.5
327.0 -2850.0
327.6 -2837.5
328.2 -2825.0
328.8 -2812.5
329.4 -2800.0
330.0 -2787.5
330.6 -2775.0
331.2 -2762.5
331.8 -2750.0
332.4 -2737.5
333.0 -2725.0
333.6 -2712.5
334.2 -2700.0
334.8 -2687.5
335.4 -2675.0
336.0 -2662.5
336.6 -2650.0
337.2 -2637.5
337.8 -2625.0
338.4 -2612.5
339.1 -2600.0
339.7 -2587.5
340.3 -2575.0
340.9 -2562.5
341.5 -2550.0
342.2 -2537.5
342.8 -2525.0
343.4 -2512.5
344.0 -2500.0
344.7 -2487.5
345.3 -2475.0
345.9 -2462.5
346.6 -2450.0
347.2 -2437.5
347.9 -2425.0
348.5 -2412.5
349.2 -2400.0
349.8 -2387.5
350.5 -2375.0
351.1 -2362.5
351.8 -2350.0
352.5 -2337.5
353.1 -2325.0
353.8 -2312.5
354.5 -2300.0
355.2 -2287.5
355.8 -2275.0
356.5 -2262.5
357.2 -2250.0
357.9 -2237.5
358.6 -2225.0
359.3 -2212.5
360.0 -2200.0
360.7 -2187.5
361.4 -2175.0
362.1 -2162.5
362.8 -2150.0
363.5 -2137.5
364.3 -2125.0
365.0 -2112.5
365.7 -2100.0
366.4 -2087.5
367.1 -2075.0
367.8 -2062.5
368.5 -2050.0
369.2 -2037.5
369.8 -2025.0
370.5 -2012.5
371.2 -2000.0
371.8 -1987.5
372.5 -1975.0
373.1 -1962.5
373.7 -1950.0
374.3 -1937.5
374.9 -1925.0
375.5 -1912.5
376.1 -1900.0
376.6 -1887.5
377.2 -1875.0
377.7 -1862.5
378.2 -1850.0
378.7 -1837.5
379.1 -1825.0
379.6 -1812.5
380.0 -1800.0
380.4 -1787.5
380.8 -1775.0
381.1 -1762.5
381.5 -1750.0
381.8 -1737.5
382.1 -1725.0
382.3 -1712.5
382.6 -1700.0
382.8 -1687.5
383.0 -1675.0
383.2 -1662.5
383.4 -1650.0
383.5 -1637.5
383.7 -1625.0
383.8 -1612.5
383.9 -1600.0
383.9 -1587.5
384.0 -1575.0
384.0 -1562.5
384.1 -1550.0
384.1 -1537.5
384.1 -1525.0
384.0 -1512.5
384.0 -1500.0
383.9 -1487.5
383.9 -1475.0
383.8 -1462.5
383.7 -1450.0
383.6 -1437.5
383.4 -1425.0
383.3 -1412.5
383.1 -1400.0
382.9 -1387.5
382.7 -1375.0
382.5 -1362.5
382.3 -1350.0
382.1 -1337.5
381.8 -1325.0
381.6 -1312.5
381.3 -1300.0
381.0 -1287.5
380.7 -1275.0
380.4 -1262.5
380.1 -1250.0
379.8 -1237.5
379.5 -1225.0
379.1 -1212.5
378.8 -1200.0
378.4 -1187.5
378.0 -1175.0
377.6 -1162.5
377.2 -1150.0
376.8 -1137.5
376.4 -1125.0
376.0 -1112.5
375.6 -1100.0
375.1 -1087.5
374.7 -1075.0
374.2 -1062.5
373.8 -1050.0
373.3 -1037.5
372.8 -1025.0
372.4 -1012.5
371.9 -1000.0
371.4 -987.5
370.9 -975.0
370.4 -962.5
369.9 -950.0
369.4 -937.5
368.8 -925.0
368.3 -912.5
367.8 -900.0
367.3 -887.5
366.7 -875.0
366.2 -862.5
365.7 -850.0
365.1 -837.5
364.6 -825.0
364.0 -812.5
363.5 -800.0
362.9 -787.5
362.4 -775.0
361.8 -762.5
361.3 -750.0
360.7 -737.5
360.2 -725.0
359.6 -712.5
359.0 -700.0
358.5 -687.5
357.9 -675.0
357.4 -662.5
356.8 -650.0
356.3 -637.5
355.7 -625.0
355.2 -612.5
354.6 -600.0
354.1 -587.5
353.5 -575.0
353.0 -562.5
352.5 -550.0
351.9 -537.5
351.4 -525.0
350.9 -512.5
350.4 -500.0
349.8 -487.5
349.3 -475.0
348.8 -462.5
348.3 -450.0
347.8 -437.5
347.3 -425.0
346.8 -412.5
346.4 -400.0
345.9 -387.5
345.4 -375.0
345.0 -362.5
344.5 -350.0
344.1 -337.5
343.6 -325.0
343.2 -312.5
342.8 -300.0
342.4 -287.5
342.0 -275.0
341.6 -262.5
341.2 -250.0
340.8 -237.5
340.4 -225.0
340.1 -212.5
339.7 -200.0
339.4 -187.5
339.1 -175.0
338.7 -162.5
338.4 -150.0
338.1 -137.5
337.9 -125.0
337.6 -112.5
337.3 -100.0
337.1 -87.5
336.9 -75.0
336.6 -62.5
336.4 -50.0
336.2 -37.5
336.1 -25.0
335.9 -12.5
335.8 0.0
335.6 12.5
335.5 25.0
335.4 37.5
335.3 50.0
335.2 62.5
335.2 75.0
335.1 87.5
335.1 100.0
335.1 112.5
335.1 125.0
335.1 137.5
335.2 150.0
335.2 162.5
335.3 175.0
335.4 187.5
335.5 200.0
335.6 212.5
335.8 225.0
335.9 237.5
336.1 250.0
336.3 262.5
336.6 275.0
336.8 287.5
337.1 300.0
337.4 312.5
337.7 325.0
338.0 337.5
338.4 350.0
338.7 362.5
339.1 375.0
339.6 387.5
340.0 400.0
340.5 412.5
340.9 425.0
341.5 437.5
342.0 450.0
342.5 462.5
343.1 475.0
343.7 487.5
344.3 500.0
344.9 512.5
345.5 525.0
346.2 537.5
346.8 550.0
347.5 562.5
348.2 575.0
348.9 587.5
349.6 600.0
350.3 612.5
351.0 625.0
351.7 637.5
352.5 650.0
353.2 662.5
354.0 675.0
354.7 687.5
355.5 700.0
356.2 712.5
357.0 725.0
357.8 737.5
358.5 750.0
359.3 762.5
360.0 775.0
360.8 787.5
361.6 800.0
362.3 812.5
363.1 825.0
363.8 837.5
364.5 850.0
365.3 862.5
366.0 875.0
366.7 887.5
367.4 900.0
368.1 912.5
368.8 925.0
369.5 937.5
370.1 950.0
370.8 962.5
371.4 975.0
372.0 987.5
372.6 1000.0
373.2 1012.5
373.7 1025.0
374.3 1037.5
374.8 1050.0
375.3 1062.5
375.8 1075.0
376.3 1087.5
376.7 1100.0
377.1 1112.5
377.5 1125.0
377.9 1137.5
378.2 1150.0
378.5 1162.5
378.8 1175.0
379.1 1187.5
379.3 1200.0
379.5 1212.5
379.7 1225.0
379.8 1237.5
379.9 1250.0
380.0 1262.5
380.0 1275.0
380.0 1287.5
380.0 1300.0
379.9 1312.5
379.8 1325.0
379.7 1337.5
379.5 1350.0
379.3 1362.5
379.1 1375.0
378.8 1387.5
378.5 1400.0
378.2 1412.5
377.8 1425.0
377.5 1437.5
377.1 1450.0
376.6 1462.5
376.2 1475.0
375.7 1487.5
375.2 1500.0
374.7 1512.5
374.2 1525.0
373.7 1537.5
373.1 1550.0
372.5 1562.5
371.9 1575.0
371.3 1587.5
370.7 1600.0
370.1 1612.5
369.5 1625.0
368.9 1637.5
368.2 1650.0
367.6 1662.5
366.9 1675.0
366.3 1687.5
365.6 1700.0
364.9 1712.5
364.3 1725.0
363.6 1737.5
363.0 1750.0
362.3 1762.5
361.7 1775.0
361.0 1787.5
360.4 1800.0
359.8 1812.5
359.2 1825.0
358.5 1837.5
357.9 1850.0
357.4 1862.5
356.8 1875.0
356.2 1887.5
355.7 1900.0
355.2 1912.5
354.7 1925.0
354.2 1937.5
353.7 1950.0
353.2 1962.5
352.8 1975.0
352.4 1987.5
352.0 2000.0
351.7 2012.5
351.3 2025.0
351.0 2037.5
350.8 2050.0
350.5 2062.5
350.3 2075.0
350.1 2087.5
350.0 2100.0
349.9 2112.5
349.8 2125.0
349.8 2137.5
349.8 2150.0
349.8 2162.5
349.8 2175.0
349.9 2187.5
350.0 2200.0
350.2 2212.5
350.4 2225.0
350.6 2237.5
350.8 2250.0
351.1 2262.5
351.3 2275.0
351.7 2287.5
352.0 2300.0
352.4 2312.5
352.8 2325.0
353.2 2337.5
353.7 2350.0
354.1 2362.5
354.6 2375.0
355.1 2387.5
355.7 2400.0
356.3 2412.5
356.9 2425.0
357.5 2437.5
358.1 2450.0
358.8 2462.5
359.4 2475.0
360.1 2487.5
360.8 2500.0
361.6 2512.5
362.3 2525.0
363.1 2537.5
363.9 2550.0
364.7 2562.5
365.5 2575.0
366.4 2587.5
367.2 2600.0
368.1 2612.5
369.0 2625.0
369.9 2637.5
370.8 2650.0
371.7 2662.5
372.6 2675.0
373.6 2687.5
374.6 2700.0
375.5 2712.5
376.5 2725.0
377.5 2737.5
378.5 2750.0
379.5 2762.5
380.6 2775.0
381.6 2787.5
382.6 2800.0
383.7 2812.5
384.7 2825.0
385.8 2837.5
386.9 2850.0
387.9 2862.5
389.0 2875.0
390.1 2887.5
391.2 2900.0
392.3 2912.5
393.4 2925.0
394.5 2937.5
395.6 2950.0
396.7 2962.5
397.8 2975.0
398.9 2987.5
400.0 3000.0
