-3000	600
-2997.5	600.4
-2995	600.8
-2992.5	601.2
-2990	601.6
-2987.5	602
-2985	602.4
-2982.5	602.8
-2980	603.2
-2977.5	603.6
-2975	604
-2972.5	604.4
-2970	604.8
-2967.5	605.2
-2965	605.6
-2962.5	606
-2960	606.4
-2957.5	606.8
-2955	607.2
-2952.5	607.6
-2950	608
-2947.5	608.4
-2945	608.8
-2942.5	609.2
-2940	609.6
-2937.5	610
-2935	610.4
-2932.5	610.8
-2930	611.2
-2927.5	611.6
-2925	612
-2922.5	612.4
-2920	612.8
-2917.5	613.2
-2915	613.6
-2912.5	614
-2910	614.4
-2907.5	614.8
-2905	615.2
-2902.5	615.6
-2900	616
-2897.5	616.4
-2895	616.8
-2892.5	617.2
-2890	617.6
-2887.5	618
-2885	618.4
-2882.5	618.8
-2880	619.2
-2877.5	619.6
-2875	620
-2872.5	620.4
-2870	620.8
-2867.5	621.2
-2865	621.6
-2862.5	622
-2860	622.4
-2857.5	622.8
-2855	623.2
-2852.5	623.6
-2850	624
-2847.5	624.4
-2845	624.8
-2842.5	625.2
-2840	625.6
-2837.5	626
-2835	626.4
-2832.5	626.8
-2830	627.2
-2827.5	627.6
-2825	628
-2822.5	628.4
-2820	628.8
-2817.5	629.2
-2815	629.6
-2812.5	630
-2810	630.4
-2807.5	630.8
-2805	631.2
-2802.5	631.6
-2800	632
-2797.5	632.4
-2795	632.8
-2792.5	633.2
-2790	633.6
-2787.5	634
-2785	634.4
-2782.5	634.8
-2780	635.2
-2777.5	635.6
-2775	636
-2772.5	636.4
-2770	636.8
-2767.5	637.2
-2765	637.6
-2762.5	638
-2760	638.4
-2757.5	638.8
-2755	639.2
-2752.5	639.6
-2750	640
-2747.5	640.4
-2745	640.8
-2742.5	641.2
-2740	641.6
-2737.5	642
-2735	642.4
-2732.5	642.8
-2730	643.2
-2727.5	643.6
-2725	644
-2722.5	644.4
-2720	644.8
-2717.5	645.2
-2715	645.6
-2712.5	646
-2710	646.4
-2707.5	646.8
-2705	647.2
-2702.5	647.6
-2700	648
-2697.5	648.4
-2695	648.8
-2692.5	649.2
-2690	649.6
-2687.5	650
-2685	650.4
-2682.5	650.8
-2680	651.2
-2677.5	651.6
-2675	652
-2672.5	652.4
-2670	652.8
-2667.5	653.2
-2665	653.6
-2662.5	654
-2660	654.4
-2657.5	654.8
-2655	655.2
-2652.5	655.6
-2650	656
-2647.5	656.4
-2645	656.8
-2642.5	657.2
-2640	657.6
-2637.5	658
-2635	658.4
-2632.5	658.8
-2630	659.2
-2627.5	659.6
-2625	660
-2622.5	660.4
-2620	660.8
-2617.5	661.2
-2615	661.6
-2612.5	662
-2610	662.4
-2607.5	662.8
-2605	663.2
-2602.5	663.6
-2600	664
-2597.5	664.4
-2595	664.8
-2592.5	665.2
-2590	665.6
-2587.5	666
-2585	666.4
-2582.5	666.8
-2580	667.2
-2577.5	667.6
-2575	668
-2572.5	668.4
-2570	668.8
-2567.5	669.2
-2565	669.6
-2562.5	670
-2560	670.4
-2557.5	670.8
-2555	671.2
-2552.5	671.6
-2550	672
-2547.5	672.4
-2545	672.8
-2542.5	673.2
-2540	673.6
-2537.5	674
-2535	674.4
-2532.5	674.8
-2530	675.2
-2527.5	675.6
-2525	676
-2522.5	676.4
-2520	676.8
-2517.5	677.2
-2515	677.6
-2512.5	678
-2510	678.4
-2507.5	678.8
-2505	679.2
-2502.5	679.6
-2500	680
-2497.5	680.4
-2495	680.8
-2492.5	681.2
-2490	681.6
-2487.5	682
-2485	682.4
-2482.5	682.8
-2480	683.2
-2477.5	683.6
-2475	684
-2472.5	684.4
-2470	684.8
-2467.5	685.2
-2465	685.6
-2462.5	686
-2460	686.4
-2457.5	686.8
-2455	687.2
-2452.5	687.6
-2450	688
-2447.5	688.4
-2445	688.8
-2442.5	689.2
-2440	689.6
-2437.5	690
-2435	690.4
-2432.5	690.8
-2430	691.2
-2427.5	691.6
-2425	692
-2422.5	692.4
-2420	692.8
-2417.5	693.2
-2415	693.6
-2412.5	694
-2410	694.4
-2407.5	694.8
-2405	695.2
-2402.5	695.6
-2400	696
-2397.5	696.4
-2395	696.8
-2392.5	697.2
-2390	697.6
-2387.5	698
-2385	698.4
-2382.5	698.8
-2380	699.2
-2377.5	699.6
-2375	700
-2372.5	700.4
-2370	700.8
-2367.5	701.2
-2365	701.6
-2362.5	702
-2360	702.4
-2357.5	702.8
-2355	703.2
-2352.5	703.6
-2350	704
-2347.5	704.4
-2345	704.8
-2342.5	705.2
-2340	705.6
-2337.5	706
-2335	706.4
-2332.5	706.8
-2330	707.2
-2327.5	707.6
-2325	708
-2322.5	708.4
-2320	708.8
-2317.5	709.2
-2315	709.6
-2312.5	710
-2310	710.4
-2307.5	710.8
-2305	711.2
-2302.5	711.6
-2300	712
-2297.5	712.4
-2295	712.8
-2292.5	713.2
-2290	713.6
-2287.5	714
-2285	714.4
-2282.5	714.8
-2280	715.2
-2277.5	715.6
-2275	716
-2272.5	716.4
-2270	716.8
-2267.5	717.2
-2265	717.6
-2262.5	718
-2260	718.4
-2257.5	718.8
-2255	719.2
-2252.5	719.6
-2250	720
-2247.5	720.4
-2245	720.8
-2242.5	721.2
-2240	721.6
-2237.5	722
-2235	722.4
-2232.5	722.8
-2230	723.2
-2227.5	723.6
-2225	724
-2222.5	724.4
-2220	724.8
-2217.5	725.2
-2215	725.6
-2212.5	726
-2210	726.4
-2207.5	726.8
-2205	727.2
-2202.5	727.6
-2200	728
-2197.5	728.4
-2195	728.8
-2192.5	729.2
-2190	729.6
-2187.5	730
-2185	730.4
-2182.5	730.8
-2180	731.2
-2177.5	731.6
-2175	732
-2172.5	732.4
-2170	732.8
-2167.5	733.2
-2165	733.6
-2162.5	734
-2160	734.4
-2157.5	734.8
-2155	735.2
-2152.5	735.6
-2150	736
-2147.5	736.4
-2145	736.8
-2142.5	737.2
-2140	737.6
-2137.5	738
-2135	738.4
-2132.5	738.8
-2130	739.2
-2127.5	739.6
-2125	740
-2122.5	740.4
-2120	740.8
-2117.5	741.2
-2115	741.6
-2112.5	742
-2110	742.4
-2107.5	742.8
-2105	743.2
-2102.5	743.6
-2100	744
-2097.5	744.4
-2095	744.8
-2092.5	745.2
-2090	745.6
-2087.5	746
-2085	746.4
-2082.5	746.8
-2080	747.2
-2077.5	747.6
-2075	748
-2072.5	748.4
-2070	748.8
-2067.5	749.2
-2065	749.6
-2062.5	750
-2060	750.4
-2057.5	750.8
-2055	751.2
-2052.5	751.6
-2050	752
-2047.5	752.4
-2045	752.8
-2042.5	753.2
-2040	753.6
-2037.5	754
-2035	754.4
-2032.5	754.8
-2030	755.2
-2027.5	755.6
-2025	756
-2022.5	756.4
-2020	756.8
-2017.5	757.2
-2015	757.6
-2012.5	758
-2010	758.4
-2007.5	758.8
-2005	759.2
-2002.5	759.6
-2000	760
-1997.5	760.4
-1995	760.8
-1992.5	761.2
-1990	761.6
-1987.5	762
-1985	762.4
-1982.5	762.8
-1980	763.2
-1977.5	763.6
-1975	764
-1972.5	764.4
-1970	764.8
-1967.5	765.2
-1965	765.6
-1962.5	766
-1960	766.4
-1957.5	766.8
-1955	767.2
-1952.5	767.6
-1950	768
-1947.5	768.4
-1945	768.8
-1942.5	769.2
-1940	769.6
-1937.5	770
-1935	770.4
-1932.5	770.8
-1930	771.2
-1927.5	771.6
-1925	772
-1922.5	772.4
-1920	772.8
-1917.5	773.2
-1915	773.6
-1912.5	774
-1910	774.4
-1907.5	774.8
-1905	775.2
-1902.5	775.6
-1900	776
-1897.5	776.4
-1895	776.8
-1892.5	777.2
-1890	777.6
-1887.5	778
-1885	778.4
-1882.5	778.8
-1880	779.2
-1877.5	779.6
-1875	780
-1872.5	780.4
-1870	780.8
-1867.5	781.2
-1865	781.6
-1862.5	782
-1860	782.4
-1857.5	782.8
-1855	783.2
-1852.5	783.6
-1850	784
-1847.5	784.4
-1845	784.8
-1842.5	785.2
-1840	785.6
-1837.5	786
-1835	786.4
-1832.5	786.8
-1830	787.2
-1827.5	787.6
-1825	788
-1822.5	788.4
-1820	788.8
-1817.5	789.2
-1815	789.6
-1812.5	790
-1810	790.4
-1807.5	790.8
-1805	791.2
-1802.5	791.6
-1800	792
-1797.5	792.4
-1795	792.8
-1792.5	793.2
-1790	793.6
-1787.5	794
-1785	794.4
-1782.5	794.8
-1780	795.2
-1777.5	795.6
-1775	796
-1772.5	796.4
-1770	796.8
-1767.5	797.2
-1765	797.6
-1762.5	798
-1760	798.4
-1757.5	798.8
-1755	799.2
-1752.5	799.6
-1750	800
-1747.5	800.4
-1745	800.8
-1742.5	801.2
-1740	801.6
-1737.5	802
-1735	802.4
-1732.5	802.8
-1730	803.2
-1727.5	803.6
-1725	804
-1722.5	804.4
-1720	804.8
-1717.5	805.2
-1715	805.6
-1712.5	806
-1710	806.4
-1707.5	806.8
-1705	807.2
-1702.5	807.6
-1700	808
-1697.5	808.4
-1695	808.8
-1692.5	809.2
-1690	809.6
-1687.5	810
-1685	810.4
-1682.5	810.8
-1680	811.2
-1677.5	811.6
-1675	812
-1672.5	812.4
-1670	812.8
-1667.5	813.2
-1665	813.6
-1662.5	814
-1660	814.4
-1657.5	814.8
-1655	815.2
-1652.5	815.6
-1650	816
-1647.5	816.4
-1645	816.8
-1642.5	817.2
-1640	817.6
-1637.5	818
-1635	818.4
-1632.5	818.8
-1630	819.2
-1627.5	819.6
-1625	820
-1622.5	820.4
-1620	820.8
-1617.5	821.2
-1615	821.6
-1612.5	822
-1610	822.4
-1607.5	822.8
-1605	823.2
-1602.5	823.6
-1600	824
-1597.5	824.4
-1595	824.8
-1592.5	825.2
-1590	825.6
-1587.5	826
-1585	826.4
-1582.5	826.8
-1580	827.2
-1577.5	827.6
-1575	828
-1572.5	828.4
-1570	828.8
-1567.5	829.2
-1565	829.6
-1562.5	830
-1560	830.4
-1557.5	830.8
-1555	831.2
-1552.5	831.6
-1550	832
-1547.5	832.4
-1545	832.8
-1542.5	833.2
-1540	833.6
-1537.5	834
-1535	834.4
-1532.5	834.8
-1530	835.2
-1527.5	835.6
-1525	836
-1522.5	836.4
-1520	836.8
-1517.5	837.2
-1515	837.6
-1512.5	838
-1510	838.4
-1507.5	838.8
-1505	839.2
-1502.5	839.6
-1500	840
-1497.5	840.4
-1495	840.8
-1492.5	841.2
-1490	841.6
-1487.5	842
-1485	842.4
-1482.5	842.8
-1480	843.2
-1477.5	843.6
-1475	844
-1472.5	844.4
-1470	844.8
-1467.5	845.2
-1465	845.6
-1462.5	846
-1460	846.4
-1457.5	846.8
-1455	847.2
-1452.5	847.6
-1450	848
-1447.5	848.4
-1445	848.8
-1442.5	849.2
-1440	849.6
-1437.5	850
-1435	850.4
-1432.5	850.8
-1430	851.2
-1427.5	851.6
-1425	852
-1422.5	852.4
-1420	852.8
-1417.5	853.2
-1415	853.6
-1412.5	854
-1410	854.4
-1407.5	854.8
-1405	855.2
-1402.5	855.6
-1400	856
-1397.5	856.4
-1395	856.8
-1392.5	857.2
-1390	857.6
-1387.5	858
-1385	858.4
-1382.5	858.8
-1380	859.2
-1377.5	859.6
-1375	860
-1372.5	860.4
-1370	860.8
-1367.5	861.2
-1365	861.6
-1362.5	862
-1360	862.4
-1357.5	862.8
-1355	863.2
-1352.5	863.6
-1350	864
-1347.5	864.4
-1345	864.8
-1342.5	865.2
-1340	865.6
-1337.5	866
-1335	866.4
-1332.5	866.8
-1330	867.2
-1327.5	867.6
-1325	868
-1322.5	868.4
-1320	868.8
-1317.5	869.2
-1315	869.6
-1312.5	870
-1310	870.4
-1307.5	870.8
-1305	871.2
-1302.5	871.6
-1300	872
-1297.5	872.4
-1295	872.8
-1292.5	873.2
-1290	873.6
-1287.5	874
-1285	874.4
-1282.5	874.8
-1280	875.2
-1277.5	875.6
-1275	876
-1272.5	876.4
-1270	876.8
-1267.5	877.2
-1265	877.6
-1262.5	878
-1260	878.4
-1257.5	878.8
-1255	879.2
-1252.5	879.6
-1250	880
-1247.5	880.4
-1245	880.8
-1242.5	881.2
-1240	881.6
-1237.5	882
-1235	882.4
-1232.5	882.8
-1230	883.2
-1227.5	883.6
-1225	884
-1222.5	884.4
-1220	884.8
-1217.5	885.2
-1215	885.6
-1212.5	886
-1210	886.4
-1207.5	886.8
-1205	887.2
-1202.5	887.6
-1200	888
-1197.5	888.4
-1195	888.8
-1192.5	889.2
-1190	889.6
-1187.5	890
-1185	890.4
-1182.5	890.8
-1180	891.2
-1177.5	891.6
-1175	892
-1172.5	892.4
-1170	892.8
-1167.5	893.2
-1165	893.6
-1162.5	894
-1160	894.4
-1157.5	894.8
-1155	895.2
-1152.5	895.6
-1150	896
-1147.5	896.4
-1145	896.8
-1142.5	897.2
-1140	897.6
-1137.5	898
-1135	898.4
-1132.5	898.8
-1130	899.2
-1127.5	899.6
-1125	900
-1122.5	900.4
-1120	900.8
-1117.5	901.2
-1115	901.6
-1112.5	902
-1110	902.4
-1107.5	902.8
-1105	903.2
-1102.5	903.6
-1100	904
-1097.5	904.4
-1095	904.8
-1092.5	905.2
-1090	905.6
-1087.5	906
-1085	906.4
-1082.5	906.8
-1080	907.2
-1077.5	907.6
-1075	908
-1072.5	908.4
-1070	908.8
-1067.5	909.2
-1065	909.6
-1062.5	910
-1060	910.4
-1057.5	910.8
-1055	911.2
-1052.5	911.6
-1050	912
-1047.5	912.4
-1045	912.8
-1042.5	913.2
-1040	913.6
-1037.5	914
-1035	914.4
-1032.5	914.8
-1030	915.2
-1027.5	915.6
-1025	916
-1022.5	916.4
-1020	916.8
-1017.5	917.2
-1015	917.6
-1012.5	918
-1010	918.4
-1007.5	918.8
-1005	919.2
-1002.5	919.6
-1000	920
-997.5	920.4
-995	920.8
-992.5	921.2
-990	921.6
-987.5	922
-985	922.4
-982.5	922.8
-980	923.2
-977.5	923.6
-975	924
-972.5	924.4
-970	924.8
-967.5	925.2
-965	925.6
-962.5	926
-960	926.4
-957.5	926.8
-955	927.2
-952.5	927.6
-950	928
-947.5	928.4
-945	928.8
-942.5	929.2
-940	929.6
-937.5	930
-935	930.4
-932.5	930.8
-930	931.2
-927.5	931.6
-925	932
-922.5	932.4
-920	932.8
-917.5	933.2
-915	933.6
-912.5	934
-910	934.4
-907.5	934.8
-905	935.2
-902.5	935.6
-900	936
-897.5	936.4
-895	936.8
-892.5	937.2
-890	937.6
-887.5	938
-885	938.4
-882.5	938.8
-880	939.2
-877.5	939.6
-875	940
-872.5	940.4
-870	940.8
-867.5	941.2
-865	941.6
-862.5	942
-860	942.4
-857.5	942.8
-855	943.2
-852.5	943.6
-850	944
-847.5	944.4
-845	944.8
-842.5	945.2
-840	945.6
-837.5	946
-835	946.4
-832.5	946.8
-830	947.2
-827.5	947.6
-825	948
-822.5	948.4
-820	948.8
-817.5	949.2
-815	949.6
-812.5	950
-810	950.4
-807.5	950.8
-805	951.2
-802.5	951.6
-800	952
-797.5	952.4
-795	952.8
-792.5	953.2
-790	953.6
-787.5	954
-785	954.4
-782.5	954.8
-780	955.2
-777.5	955.6
-775	956
-772.5	956.4
-770	956.8
-767.5	957.2
-765	957.6
-762.5	958
-760	958.4
-757.5	958.8
-755	959.2
-752.5	959.6
-750	960
-747.5	960.4
-745	960.8
-742.5	961.2
-740	961.6
-737.5	962
-735	962.4
-732.5	962.8
-730	963.2
-727.5	963.6
-725	964
-722.5	964.4
-720	964.8
-717.5	965.2
-715	965.6
-712.5	966
-710	966.4
-707.5	966.8
-705	967.2
-702.5	967.6
-700	968
-697.5	968.4
-695	968.8
-692.5	969.2
-690	969.6
-687.5	970
-685	970.4
-682.5	970.8
-680	971.2
-677.5	971.6
-675	972
-672.5	972.4
-670	972.8
-667.5	973.2
-665	973.6
-662.5	974
-660	974.4
-657.5	974.8
-655	975.2
-652.5	975.6
-650	976
-647.5	976.4
-645	976.8
-642.5	977.2
-640	977.6
-637.5	978
-635	978.4
-632.5	978.8
-630	979.2
-627.5	979.6
-625	980
-622.5	980.4
-620	980.8
-617.5	981.2
-615	981.6
-612.5	982
-610	982.4
-607.5	982.8
-605	983.2
-602.5	983.6
-600	984
-597.5	984.4
-595	984.8
-592.5	985.2
-590	985.6
-587.5	986
-585	986.4
-582.5	986.8
-580	987.2
-577.5	987.6
-575	988
-572.5	988.4
-570	988.8
-567.5	989.2
-565	989.6
-562.5	990
-560	990.4
-557.5	990.8
-555	991.2
-552.5	991.6
-550	992
-547.5	992.4
-545	992.8
-542.5	993.2
-540	993.6
-537.5	994
-535	994.4
-532.5	994.8
-530	995.2
-527.5	995.6
-525	996
-522.5	996.4
-520	996.8
-517.5	997.2
-515	997.6
-512.5	998
-510	998.4
-507.5	998.8
-505	999.2
-502.5	999.6
-500	1000
-497.5	1000.4
-495	1000.8
-492.5	1001.2
-490	1001.6
-487.5	1002
-485	1002.4
-482.5	1002.8
-480	1003.2
-477.5	1003.6
-475	1004
-472.5	1004.4
-470	1004.8
-467.5	1005.2
-465	1005.6
-462.5	1006
-460	1006.4
-457.5	1006.8
-455	1007.2
-452.5	1007.6
-450	1008
-447.5	1008.4
-445	1008.8
-442.5	1009.2
-440	1009.6
-437.5	1010
-435	1010.4
-432.5	1010.8
-430	1011.2
-427.5	1011.6
-425	1012
-422.5	1012.4
-420	1012.8
-417.5	1013.2
-415	1013.6
-412.5	1014
-410	1014.4
-407.5	1014.8
-405	1015.2
-402.5	1015.6
-400	1016
-397.5	1016.4
-395	1016.8
-392.5	1017.2
-390	1017.6
-387.5	1018
-385	1018.4
-382.5	1018.8
-380	1019.2
-377.5	1019.6
-375	1020
-372.5	1020.4
-370	1020.8
-367.5	1021.2
-365	1021.6
-362.5	1022
-360	1022.4
-357.5	1022.8
-355	1023.2
-352.5	1023.6
-350	1024
-347.5	1024.4
-345	1024.8
-342.5	1025.2
-340	1025.6
-337.5	1026
-335	1026.4
-332.5	1026.8
-330	1027.2
-327.5	1027.6
-325	1028
-322.5	1028.4
-320	1028.8
-317.5	1029.2
-315	1029.6
-312.5	1030
-310	1030.4
-307.5	1030.8
-305	1031.2
-302.5	1031.6
-300	1032
-297.5	1032.4
-295	1032.8
-292.5	1033.2
-290	1033.6
-287.5	1034
-285	1034.4
-282.5	1034.8
-280	1035.2
-277.5	1035.6
-275	1036
-272.5	1036.4
-270	1036.8
-267.5	1037.2
-265	1037.6
-262.5	1038
-260	1038.4
-257.5	1038.8
-255	1039.2
-252.5	1039.6
-250	1040
-247.5	1040.4
-245	1040.8
-242.5	1041.2
-240	1041.6
-237.5	1042
-235	1042.4
-232.5	1042.8
-230	1043.2
-227.5	1043.6
-225	1044
-222.5	1044.4
-220	1044.8
-217.5	1045.2
-215	1045.6
-212.5	1046
-210	1046.4
-207.5	1046.8
-205	1047.2
-202.5	1047.6
-200	1048
-197.5	1048.4
-195	1048.8
-192.5	1049.2
-190	1049.6
-187.5	1050
-185	1050.4
-182.5	1050.8
-180	1051.2
-177.5	1051.6
-175	1052
-172.5	1052.4
-170	1052.8
-167.5	1053.2
-165	1053.6
-162.5	1054
-160	1054.4
-157.5	1054.8
-155	1055.2
-152.5	1055.6
-150	1056
-147.5	1056.4
-145	1056.8
-142.5	1057.2
-140	1057.6
-137.5	1058
-135	1058.4
-132.5	1058.8
-130	1059.2
-127.5	1059.6
-125	1060
-122.5	1060.4
-120	1060.8
-117.5	1061.2
-115	1061.6
-112.5	1062
-110	1062.4
-107.5	1062.8
-105	1063.2
-102.5	1063.6
-100	1064
-97.5	1064.4
-95	1064.8
-92.5	1065.2
-90	1065.6
-87.5	1066
-85	1066.4
-82.5	1066.8
-80	1067.2
-77.5	1067.6
-75	1068
-72.5	1068.4
-70	1068.8
-67.5	1069.2
-65	1069.6
-62.5	1070
-60	1070.4
-57.5	1070.8
-55	1071.2
-52.5	1071.6
-50	1072
-47.5	1072.4
-45	1072.8
-42.5	1073.2
-40	1073.6
-37.5	1074
-35	1074.4
-32.5	1074.8
-30	1075.2
-27.5	1075.6
-25	1076
-22.5	1076.4
-20	1076.8
-17.5	1077.2
-15	1077.6
-12.5	1078
-10	1078.4
-7.5	1078.8
-5	1079.2
-2.5	1079.6
0	1080
2.5	1080.4
5	1080.8
7.5	1081.2
10	1081.6
12.5	1082
15	1082.4
17.5	1082.8
20	1083.2
22.5	1083.6
25	1084
27.5	1084.4
30	1084.8
32.5	1085.2
35	1085.6
37.5	1086
40	1086.4
42.5	1086.8
45	1087.2
47.5	1087.6
50	1088
52.5	1088.4
55	1088.8
57.5	1089.2
60	1089.6
62.5	1090
65	1090.4
67.5	1090.8
70	1091.2
72.5	1091.6
75	1092
77.5	1092.4
80	1092.8
82.5	1093.2
85	1093.6
87.5	1094
90	1094.4
92.5	1094.8
95	1095.2
97.5	1095.6
100	1096
102.5	1096.4
105	1096.8
107.5	1097.2
110	1097.6
112.5	1098
115	1098.4
117.5	1098.8
120	1099.2
122.5	1099.6
125	1100
127.5	1100.4
130	1100.8
132.5	1101.2
135	1101.6
137.5	1102
140	1102.4
142.5	1102.8
145	1103.2
147.5	1103.6
150	1104
152.5	1104.4
155	1104.8
157.5	1105.2
160	1105.6
162.5	1106
165	1106.4
167.5	1106.8
170	1107.2
172.5	1107.6
175	1108
177.5	1108.4
180	1108.8
182.5	1109.2
185	1109.6
187.5	1110
190	1110.4
192.5	1110.8
195	1111.2
197.5	1111.6
200	1112
202.5	1112.4
205	1112.8
207.5	1113.2
210	1113.6
212.5	1114
215	1114.4
217.5	1114.8
220	1115.2
222.5	1115.6
225	1116
227.5	1116.4
230	1116.8
232.5	1117.2
235	1117.6
237.5	1118
240	1118.4
242.5	1118.8
245	1119.2
247.5	1119.6
250	1120
252.5	1120.4
255	1120.8
257.5	1121.2
260	1121.6
262.5	1122
265	1122.4
267.5	1122.8
270	1123.2
272.5	1123.6
275	1124
277.5	1124.4
280	1124.8
282.5	1125.2
285	1125.6
287.5	1126
290	1126.4
292.5	1126.8
295	1127.2
297.5	1127.6
300	1128
302.5	1128.4
305	1128.8
307.5	1129.2
310	1129.6
312.5	1130
315	1130.4
317.5	1130.8
320	1131.2
322.5	1131.6
325	1132
327.5	1132.4
330	1132.8
332.5	1133.2
335	1133.6
337.5	1134
340	1134.4
342.5	1134.8
345	1135.2
347.5	1135.6
350	1136
352.5	1136.4
355	1136.8
357.5	1137.2
360	1137.6
362.5	1138
365	1138.4
367.5	1138.8
370	1139.2
372.5	1139.6
375	1140
377.5	1140.4
380	1140.8
382.5	1141.2
385	1141.6
387.5	1142
390	1142.4
392.5	1142.8
395	1143.2
397.5	1143.6
400	1144
402.5	1144.4
405	1144.8
407.5	1145.2
410	1145.6
412.5	1146
415	1146.4
417.5	1146.8
420	1147.2
422.5	1147.6
425	1148
427.5	1148.4
430	1148.8
432.5	1149.2
435	1149.6
437.5	1150
440	1150.4
442.5	1150.8
445	1151.2
447.5	1151.6
450	1152
452.5	1152.4
455	1152.8
457.5	1153.2
460	1153.6
462.5	1154
465	1154.4
467.5	1154.8
470	1155.2
472.5	1155.6
475	1156
477.5	1156.4
480	1156.8
482.5	1157.2
485	1157.6
487.5	1158
490	1158.4
492.5	1158.8
495	1159.2
497.5	1159.6
500	1160
502.5	1160.4
505	1160.8
507.5	1161.2
510	1161.6
512.5	1162
515	1162.4
517.5	1162.8
520	1163.2
522.5	1163.6
525	1164
527.5	1164.4
530	1164.8
532.5	1165.2
535	1165.6
537.5	1166
540	1166.4
542.5	1166.8
545	1167.2
547.5	1167.6
550	1168
552.5	1168.4
555	1168.8
557.5	1169.2
560	1169.6
562.5	1170
565	1170.4
567.5	1170.8
570	1171.2
572.5	1171.6
575	1172
577.5	1172.4
580	1172.8
582.5	1173.2
585	1173.6
587.5	1174
590	1174.4
592.5	1174.8
595	1175.2
597.5	1175.6
600	1176
602.5	1176.4
605	1176.8
607.5	1177.2
610	1177.6
612.5	1178
615	1178.4
617.5	1178.8
620	1179.2
622.5	1179.6
625	1180
627.5	1180.4
630	1180.8
632.5	1181.2
635	1181.6
637.5	1182
640	1182.4
642.5	1182.8
645	1183.2
647.5	1183.6
650	1184
652.5	1184.4
655	1184.8
657.5	1185.2
660	1185.6
662.5	1186
665	1186.4
667.5	1186.8
670	1187.2
672.5	1187.6
675	1188
677.5	1188.4
680	1188.8
682.5	1189.2
685	1189.6
687.5	1190
690	1190.4
692.5	1190.8
695	1191.2
697.5	1191.6
700	1192
702.5	1192.4
705	1192.8
707.5	1193.2
710	1193.6
712.5	1194
715	1194.4
717.5	1194.8
720	1195.2
722.5	1195.6
725	1196
727.5	1196.4
730	1196.8
732.5	1197.2
735	1197.6
737.5	1198
740	1198.4
742.5	1198.8
745	1199.2
747.5	1199.6
750	1200
752.5	1200.4
755	1200.8
757.5	1201.2
760	1201.6
762.5	1202
765	1202.4
767.5	1202.8
770	1203.2
772.5	1203.6
775	1204
777.5	1204.4
780	1204.8
782.5	1205.2
785	1205.6
787.5	1206
790	1206.4
792.5	1206.8
795	1207.2
797.5	1207.6
800	1208
802.5	1208.4
805	1208.8
807.5	1209.2
810	1209.6
812.5	1210
815	1210.4
817.5	1210.8
820	1211.2
822.5	1211.6
825	1212
827.5	1212.4
830	1212.8
832.5	1213.2
835	1213.6
837.5	1214
840	1214.4
842.5	1214.8
845	1215.2
847.5	1215.6
850	1216
852.5	1216.4
855	1216.8
857.5	1217.2
860	1217.6
862.5	1218
865	1218.4
867.5	1218.8
870	1219.2
872.5	1219.6
875	1220
877.5	1220.4
880	1220.8
882.5	1221.2
885	1221.6
887.5	1222
890	1222.4
892.5	1222.8
895	1223.2
897.5	1223.6
900	1224
902.5	1224.4
905	1224.8
907.5	1225.2
910	1225.6
912.5	1226
915	1226.4
917.5	1226.8
920	1227.2
922.5	1227.6
925	1228
927.5	1228.4
930	1228.8
932.5	1229.2
935	1229.6
937.5	1230
940	1230.4
942.5	1230.8
945	1231.2
947.5	1231.6
950	1232
952.5	1232.4
955	1232.8
957.5	1233.2
960	1233.6
962.5	1234
965	1234.4
967.5	1234.8
970	1235.2
972.5	1235.6
975	1236
977.5	1236.4
980	1236.8
982.5	1237.2
985	1237.6
987.5	1238
990	1238.4
992.5	1238.8
995	1239.2
997.5	1239.6
1000	1240
1002.5	1240.4
1005	1240.8
1007.5	1241.2
1010	1241.6
1012.5	1242
1015	1242.4
1017.5	1242.8
1020	1243.2
1022.5	1243.6
1025	1244
1027.5	1244.4
1030	1244.8
1032.5	1245.2
1035	1245.6
1037.5	1246
1040	1246.4
1042.5	1246.8
1045	1247.2
1047.5	1247.6
1050	1248
1052.5	1248.4
1055	1248.8
1057.5	1249.2
1060	1249.6
1062.5	1250
1065	1250.4
1067.5	1250.8
1070	1251.2
1072.5	1251.6
1075	1252
1077.5	1252.4
1080	1252.8
1082.5	1253.2
1085	1253.6
1087.5	1254
1090	1254.4
1092.5	1254.8
1095	1255.2
1097.5	1255.6
1100	1256
1102.5	1256.4
1105	1256.8
1107.5	1257.2
1110	1257.6
1112.5	1258
1115	1258.4
1117.5	1258.8
1120	1259.2
1122.5	1259.6
1125	1260
1127.5	1260.4
1130	1260.8
1132.5	1261.2
1135	1261.6
1137.5	1262
1140	1262.4
1142.5	1262.8
1145	1263.2
1147.5	1263.6
1150	1264
1152.5	1264.4
1155	1264.8
1157.5	1265.2
1160	1265.6
1162.5	1266
1165	1266.4
1167.5	1266.8
1170	1267.2
1172.5	1267.6
1175	1268
1177.5	1268.4
1180	1268.8
1182.5	1269.2
1185	1269.6
1187.5	1270
1190	1270.4
1192.5	1270.8
1195	1271.2
1197.5	1271.6
1200	1272
1202.5	1272.4
1205	1272.8
1207.5	1273.2
1210	1273.6
1212.5	1274
1215	1274.4
1217.5	1274.8
1220	1275.2
1222.5	1275.6
1225	1276
1227.5	1276.4
1230	1276.8
1232.5	1277.2
1235	1277.6
1237.5	1278
1240	1278.4
1242.5	1278.8
1245	1279.2
1247.5	1279.6
1250	1280
1252.5	1280.4
1255	1280.8
1257.5	1281.2
1260	1281.6
1262.5	1282
1265	1282.4
1267.5	1282.8
1270	1283.2
1272.5	1283.6
1275	1284
1277.5	1284.4
1280	1284.8
1282.5	1285.2
1285	1285.6
1287.5	1286
1290	1286.4
1292.5	1286.8
1295	1287.2
1297.5	1287.6
1300	1288
1302.5	1288.4
1305	1288.8
1307.5	1289.2
1310	1289.6
1312.5	1290
1315	1290.4
1317.5	1290.8
1320	1291.2
1322.5	1291.6
1325	1292
1327.5	1292.4
1330	1292.8
1332.5	1293.2
1335	1293.6
1337.5	1294
1340	1294.4
1342.5	1294.8
1345	1295.2
1347.5	1295.6
1350	1296
1352.5	1296.4
1355	1296.8
1357.5	1297.2
1360	1297.6
1362.5	1298
1365	1298.4
1367.5	1298.8
1370	1299.2
1372.5	1299.6
1375	1300
1377.5	1300.4
1380	1300.8
1382.5	1301.2
1385	1301.6
1387.5	1302
1390	1302.4
1392.5	1302.8
1395	1303.2
1397.5	1303.6
1400	1304
1402.5	1304.4
1405	1304.8
1407.5	1305.2
1410	1305.6
1412.5	1306
1415	1306.4
1417.5	1306.8
1420	1307.2
1422.5	1307.6
1425	1308
1427.5	1308.4
1430	1308.8
1432.5	1309.2
1435	1309.6
1437.5	1310
1440	1310.4
1442.5	1310.8
1445	1311.2
1447.5	1311.6
1450	1312
1452.5	1312.4
1455	1312.8
1457.5	1313.2
1460	1313.6
1462.5	1314
1465	1314.4
1467.5	1314.8
1470	1315.2
1472.5	1315.6
1475	1316
1477.5	1316.4
1480	1316.8
1482.5	1317.2
1485	1317.6
1487.5	1318
1490	1318.4
1492.5	1318.8
1495	1319.2
1497.5	1319.6
1500	1320
1502.5	1320.4
1505	1320.8
1507.5	1321.2
1510	1321.6
1512.5	1322
1515	1322.4
1517.5	1322.8
1520	1323.2
1522.5	1323.6
1525	1324
1527.5	1324.4
1530	1324.8
1532.5	1325.2
1535	1325.6
1537.5	1326
1540	1326.4
1542.5	1326.8
1545	1327.2
1547.5	1327.6
1550	1328
1552.5	1328.4
1555	1328.8
1557.5	1329.2
1560	1329.6
1562.5	1330
1565	1330.4
1567.5	1330.8
1570	1331.2
1572.5	1331.6
1575	1332
1577.5	1332.4
1580	1332.8
1582.5	1333.2
1585	1333.6
1587.5	1334
1590	1334.4
1592.5	1334.8
1595	1335.2
1597.5	1335.6
1600	1336
1602.5	1336.4
1605	1336.8
1607.5	1337.2
1610	1337.6
1612.5	1338
1615	1338.4
1617.5	1338.8
1620	1339.2
1622.5	1339.6
1625	1340
1627.5	1340.4
1630	1340.8
1632.5	1341.2
1635	1341.6
1637.5	1342
1640	1342.4
1642.5	1342.8
1645	1343.2
1647.5	1343.6
1650	1344
1652.5	1344.4
1655	1344.8
1657.5	1345.2
1660	1345.6
1662.5	1346
1665	1346.4
1667.5	1346.8
1670	1347.2
1672.5	1347.6
1675	1348
1677.5	1348.4
1680	1348.8
1682.5	1349.2
1685	1349.6
1687.5	1350
1690	1350.4
1692.5	1350.8
1695	1351.2
1697.5	1351.6
1700	1352
1702.5	1352.4
1705	1352.8
1707.5	1353.2
1710	1353.6
1712.5	1354
1715	1354.4
1717.5	1354.8
1720	1355.2
1722.5	1355.6
1725	1356
1727.5	1356.4
1730	1356.8
1732.5	1357.2
1735	1357.6
1737.5	1358
1740	1358.4
1742.5	1358.8
1745	1359.2
1747.5	1359.6
1750	1360
1752.5	1360.4
1755	1360.8
1757.5	1361.2
1760	1361.6
1762.5	1362
1765	1362.4
1767.5	1362.8
1770	1363.2
1772.5	1363.6
1775	1364
1777.5	1364.4
1780	1364.8
1782.5	1365.2
1785	1365.6
1787.5	1366
1790	1366.4
1792.5	1366.8
1795	1367.2
1797.5	1367.6
1800	1368
1802.5	1368.4
1805	1368.8
1807.5	1369.2
1810	1369.6
1812.5	1370
1815	1370.4
1817.5	1370.8
1820	1371.2
1822.5	1371.6
1825	1372
1827.5	1372.4
1830	1372.8
1832.5	1373.2
1835	1373.6
1837.5	1374
1840	1374.4
1842.5	1374.8
1845	1375.2
1847.5	1375.6
1850	1376
1852.5	1376.4
1855	1376.8
1857.5	1377.2
1860	1377.6
1862.5	1378
1865	1378.4
1867.5	1378.8
1870	1379.2
1872.5	1379.6
1875	1380
1877.5	1380.4
1880	1380.8
1882.5	1381.2
1885	1381.6
1887.5	1382
1890	1382.4
1892.5	1382.8
1895	1383.2
1897.5	1383.6
1900	1384
1902.5	1384.4
1905	1384.8
1907.5	1385.2
1910	1385.6
1912.5	1386
1915	1386.4
1917.5	1386.8
1920	1387.2
1922.5	1387.6
1925	1388
1927.5	1388.4
1930	1388.8
1932.5	1389.2
1935	1389.6
1937.5	1390
1940	1390.4
1942.5	1390.8
1945	1391.2
1947.5	1391.6
1950	1392
1952.5	1392.4
1955	1392.8
1957.5	1393.2
1960	1393.6
1962.5	1394
1965	1394.4
1967.5	1394.8
1970	1395.2
1972.5	1395.6
1975	1396
1977.5	1396.4
1980	1396.8
1982.5	1397.2
1985	1397.6
1987.5	1398
1990	1398.4
1992.5	1398.8
1995	1399.2
1997.5	1399.6
2000	1400
2002.5	1400.4
2005	1400.8
2007.5	1401.2
2010	1401.6
2012.5	1402
2015	1402.4
2017.5	1402.8
2020	1403.2
2022.5	1403.6
2025	1404
2027.5	1404.4
2030	1404.8
2032.5	1405.2
2035	1405.6
2037.5	1406
2040	1406.4
2042.5	1406.8
2045	1407.2
2047.5	1407.6
2050	1408
2052.5	1408.4
2055	1408.8
2057.5	1409.2
2060	1409.6
2062.5	1410
2065	1410.4
2067.5	1410.8
2070	1411.2
2072.5	1411.6
2075	1412
2077.5	1412.4
2080	1412.8
2082.5	1413.2
2085	1413.6
2087.5	1414
2090	1414.4
2092.5	1414.8
2095	1415.2
2097.5	1415.6
2100	1416
2102.5	1416.4
2105	1416.8
2107.5	1417.2
2110	1417.6
2112.5	1418
2115	1418.4
2117.5	1418.8
2120	1419.2
2122.5	1419.6
2125	1420
2127.5	1420.4
2130	1420.8
2132.5	1421.2
2135	1421.6
2137.5	1422
2140	1422.4
2142.5	1422.8
2145	1423.2
2147.5	1423.6
2150	1424
2152.5	1424.4
2155	1424.8
2157.5	1425.2
2160	1425.6
2162.5	1426
2165	1426.4
2167.5	1426.8
2170	1427.2
2172.5	1427.6
2175	1428
2177.5	1428.4
2180	1428.8
2182.5	1429.2
2185	1429.6
2187.5	1430
2190	1430.4
2192.5	1430.8
2195	1431.2
2197.5	1431.6
2200	1432
2202.5	1432.4
2205	1432.8
2207.5	1433.2
2210	1433.6
2212.5	1434
2215	1434.4
2217.5	1434.8
2220	1435.2
2222.5	1435.6
2225	1436
2227.5	1436.4
2230	1436.8
2232.5	1437.2
2235	1437.6
2237.5	1438
2240	1438.4
2242.5	1438.8
2245	1439.2
2247.5	1439.6
2250	1440
2252.5	1440.4
2255	1440.8
2257.5	1441.2
2260	1441.6
2262.5	1442
2265	1442.4
2267.5	1442.8
2270	1443.2
2272.5	1443.6
2275	1444
2277.5	1444.4
2280	1444.8
2282.5	1445.2
2285	1445.6
2287.5	1446
2290	1446.4
2292.5	1446.8
2295	1447.2
2297.5	1447.6
2300	1448
2302.5	1448.4
2305	1448.8
2307.5	1449.2
2310	1449.6
2312.5	1450
2315	1450.4
2317.5	1450.8
2320	1451.2
2322.5	1451.6
2325	1452
2327.5	1452.4
2330	1452.8
2332.5	1453.2
2335	1453.6
2337.5	1454
2340	1454.4
2342.5	1454.8
2345	1455.2
2347.5	1455.6
2350	1456
2352.5	1456.4
2355	1456.8
2357.5	1457.2
2360	1457.6
2362.5	1458
2365	1458.4
2367.5	1458.8
2370	1459.2
2372.5	1459.6
2375	1460
2377.5	1460.4
2380	1460.8
2382.5	1461.2
2385	1461.6
2387.5	1462
2390	1462.4
2392.5	1462.8
2395	1463.2
2397.5	1463.6
2400	1464
2402.5	1464.4
2405	1464.8
2407.5	1465.2
2410	1465.6
2412.5	1466
2415	1466.4
2417.5	1466.8
2420	1467.2
2422.5	1467.6
2425	1468
2427.5	1468.4
2430	1468.8
2432.5	1469.2
2435	1469.6
2437.5	1470
2440	1470.4
2442.5	1470.8
2445	1471.2
2447.5	1471.6
2450	1472
2452.5	1472.4
2455	1472.8
2457.5	1473.2
2460	1473.6
2462.5	1474
2465	1474.4
2467.5	1474.8
2470	1475.2
2472.5	1475.6
2475	1476
2477.5	1476.4
2480	1476.8
2482.5	1477.2
2485	1477.6
2487.5	1478
2490	1478.4
2492.5	1478.8
2495	1479.2
2497.5	1479.6
2500	1480
2502.5	1480.4
2505	1480.8
2507.5	1481.2
2510	1481.6
2512.5	1482
2515	1482.4
2517.5	1482.8
2520	1483.2
2522.5	1483.6
2525	1484
2527.5	1484.4
2530	1484.8
2532.5	1485.2
2535	1485.6
2537.5	1486
2540	1486.4
2542.5	1486.8
2545	1487.2
2547.5	1487.6
2550	1488
2552.5	1488.4
2555	1488.8
2557.5	1489.2
2560	1489.6
2562.5	1490
2565	1490.4
2567.5	1490.8
2570	1491.2
2572.5	1491.6
2575	1492
2577.5	1492.4
2580	1492.8
2582.5	1493.2
2585	1493.6
2587.5	1494
2590	1494.4
2592.5	1494.8
2595	1495.2
2597.5	1495.6
2600	1496
2602.5	1496.4
2605	1496.8
2607.5	1497.2
2610	1497.6
2612.5	1498
2615	1498.4
2617.5	1498.8
2620	1499.2
2622.5	1499.6
2625	1500
2627.5	1500.4
2630	1500.8
2632.5	1501.2
2635	1501.6
2637.5	1502
2640	1502.4
2642.5	1502.8
2645	1503.2
2647.5	1503.6
2650	1504
2652.5	1504.4
2655	1504.8
2657.5	1505.2
2660	1505.6
2662.5	1506
2665	1506.4
2667.5	1506.8
2670	1507.2
2672.5	1507.6
2675	1508
2677.5	1508.4
2680	1508.8
2682.5	1509.2
2685	1509.6
2687.5	1510
2690	1510.4
2692.5	1510.8
2695	1511.2
2697.5	1511.6
2700	1512
2702.5	1512.4
2705	1512.8
2707.5	1513.2
2710	1513.6
2712.5	1514
2715	1514.4
2717.5	1514.8
2720	1515.2
2722.5	1515.6
2725	1516
2727.5	1516.4
2730	1516.8
2732.5	1517.2
2735	1517.6
2737.5	1518
2740	1518.4
2742.5	1518.8
2745	1519.2
2747.5	1519.6
2750	1520
2752.5	1520.4
2755	1520.8
2757.5	1521.2
2760	1521.6
2762.5	1522
2765	1522.4
2767.5	1522.8
2770	1523.2
2772.5	1523.6
2775	1524
2777.5	1524.4
2780	1524.8
2782.5	1525.2
2785	1525.6
2787.5	1526
2790	1526.4
2792.5	1526.8
2795	1527.2
2797.5	1527.6
2800	1528
2802.5	1528.4
2805	1528.8
2807.5	1529.2
2810	1529.6
2812.5	1530
2815	1530.4
2817.5	1530.8
2820	1531.2
2822.5	1531.6
2825	1532
2827.5	1532.4
2830	1532.8
2832.5	1533.2
2835	1533.6
2837.5	1534
2840	1534.4
2842.5	1534.8
2845	1535.2
2847.5	1535.6
2850	1536
2852.5	1536.4
2855	1536.8
2857.5	1537.2
2860	1537.6
2862.5	1538
2865	1538.4
2867.5	1538.8
2870	1539.2
2872.5	1539.6
2875	1540
2877.5	1540.4
2880	1540.8
2882.5	1541.2
2885	1541.6
2887.5	1542
2890	1542.4
2892.5	1542.8
2895	1543.2
2897.5	1543.6
2900	1544
2902.5	1544.4
2905	1544.8
2907.5	1545.2
2910	1545.6
2912.5	1546
2915	1546.4
2917.5	1546.8
2920	1547.2
2922.5	1547.6
2925	1548
2927.5	1548.4
2930	1548.8
2932.5	1549.2
2935	1549.6
2937.5	1550
2940	1550.4
2942.5	1550.8
2945	1551.2
2947.5	1551.6
2950	1552
2952.5	1552.4
2955	1552.8
2957.5	1553.2
2960	1553.6
2962.5	1554
2965	1554.4
2967.5	1554.8
2970	1555.2
2972.5	1555.6
2975	1556
2977.5	1556.4
2980	1556.8
2982.5	1557.2
2985	1557.6
2987.5	1558
2990	1558.4
2992.5	1558.8
2995	1559.2
2997.5	1559.6
3000	1560
