600
600.4
600.8
601.2
601.6
602
602.4
602.8
603.2
603.6
604
604.4
604.8
605.2
605.6
606
606.4
606.8
607.2
607.6
608
608.4
608.8
609.2
609.6
610
610.4
610.8
611.2
611.6
612
612.4
612.8
613.2
613.6
614
614.4
614.8
615.2
615.6
616
616.4
616.8
617.2
617.6
618
618.4
618.8
619.2
619.6
620
620.4
620.8
621.2
621.6
622
622.4
622.8
623.2
623.6
624
624.4
624.8
625.2
625.6
626
626.4
626.8
627.2
627.6
628
628.4
628.8
629.2
629.6
630
630.4
630.8
631.2
631.6
632
632.4
632.8
633.2
633.6
634
634.4
634.8
635.2
635.6
636
636.4
636.8
637.2
637.6
638
638.4
638.8
639.2
639.6
640
640.4
640.8
641.2
641.6
642
642.4
642.8
643.2
643.6
644
644.4
644.8
645.2
645.6
646
646.4
646.8
647.2
647.6
648
648.4
648.8
649.2
649.6
650
650.4
650.8
651.2
651.6
652
652.4
652.8
653.2
653.6
654
654.4
654.8
655.2
655.6
656
656.4
656.8
657.2
657.6
658
658.4
658.8
659.2
659.6
660
660.4
660.8
661.2
661.6
662
662.4
662.8
663.2
663.6
664
664.4
664.8
665.2
665.6
666
666.4
666.8
667.2
667.6
668
668.4
668.8
669.2
669.6
670
670.4
670.8
671.2
671.6
672
672.4
672.8
673.2
673.6
674
674.4
674.8
675.2
675.6
676
676.4
676.8
677.2
677.6
678
678.4
678.8
679.2
679.6
680
680.4
680.8
681.2
681.6
682
682.4
682.8
683.2
683.6
684
684.4
684.8
685.2
685.6
686
686.4
686.8
687.2
687.6
688
688.4
688.8
689.2
689.6
690
690.4
690.8
691.2
691.6
692
692.4
692.8
693.2
693.6
694
694.4
694.8
695.2
695.6
696
696.4
696.8
697.2
697.6
698
698.4
698.8
699.2
699.6
700
700.4
700.8
701.2
701.6
702
702.4
702.8
703.2
703.6
704
704.4
704.8
705.2
705.6
706
706.4
706.8
707.2
707.6
708
708.4
708.8
709.2
709.6
710
710.4
710.8
711.2
711.6
712
712.4
712.8
713.2
713.6
714
714.4
714.8
715.2
715.6
716
716.4
716.8
717.2
717.6
718
718.4
718.8
719.2
719.6
720
720.4
720.8
721.2
721.6
722
722.4
722.8
723.2
723.6
724
724.4
724.8
725.2
725.6
726
726.4
726.8
727.2
727.6
728
728.4
728.8
729.2
729.6
730
730.4
730.8
731.2
731.6
732
732.4
732.8
733.2
733.6
734
734.4
734.8
735.2
735.6
736
736.4
736.8
737.2
737.6
738
738.4
738.8
739.2
739.6
740
740.4
740.8
741.2
741.6
742
742.4
742.8
743.2
743.6
744
744.4
744.8
745.2
745.6
746
746.4
746.8
747.2
747.6
748
748.4
748.8
749.2
749.6
750
750.4
750.8
751.2
751.6
752
752.4
752.8
753.2
753.6
754
754.4
754.8
755.2
755.6
756
756.4
756.8
757.2
757.6
758
758.4
758.8
759.2
759.6
760
760.4
760.8
761.2
761.6
762
762.4
762.8
763.2
763.6
764
764.4
764.8
765.2
765.6
766
766.4
766.8
767.2
767.6
768
768.4
768.8
769.2
769.6
770
770.4
770.8
771.2
771.6
772
772.4
772.8
773.2
773.6
774
774.4
774.8
775.2
775.6
776
776.4
776.8
777.2
777.6
778
778.4
778.8
779.2
779.6
780
780.4
780.8
781.2
781.6
782
782.4
782.8
783.2
783.6
784
784.4
784.8
785.2
785.6
786
786.4
786.8
787.2
787.6
788
788.4
788.8
789.2
789.6
790
790.4
790.8
791.2
791.6
792
792.4
792.8
793.2
793.6
794
794.4
794.8
795.2
795.6
796
796.4
796.8
797.2
797.6
798
798.4
798.8
799.2
799.6
800
800.4
800.8
801.2
801.6
802
802.4
802.8
803.2
803.6
804
804.4
804.8
805.2
805.6
806
806.4
806.8
807.2
807.6
808
808.4
808.8
809.2
809.6
810
810.4
810.8
811.2
811.6
812
812.4
812.8
813.2
813.6
814
814.4
814.8
815.2
815.6
816
816.4
816.8
817.2
817.6
818
818.4
818.8
819.2
819.6
820
820.4
820.8
821.2
821.6
822
822.4
822.8
823.2
823.6
824
824.4
824.8
825.2
825.6
826
826.4
826.8
827.2
827.6
828
828.4
828.8
829.2
829.6
830
830.4
830.8
831.2
831.6
832
832.4
832.8
833.2
833.6
834
834.4
834.8
835.2
835.6
836
836.4
836.8
837.2
837.6
838
838.4
838.8
839.2
839.6
840
840.4
840.8
841.2
841.6
842
842.4
842.8
843.2
843.6
844
844.4
844.8
845.2
845.6
846
846.4
846.8
847.2
847.6
848
848.4
848.8
849.2
849.6
850
850.4
850.8
851.2
851.6
852
852.4
852.8
853.2
853.6
854
854.4
854.8
855.2
855.6
856
856.4
856.8
857.2
857.6
858
858.4
858.8
859.2
859.6
860
860.4
860.8
861.2
861.6
862
862.4
862.8
863.2
863.6
864
864.4
864.8
865.2
865.6
866
866.4
866.8
867.2
867.6
868
868.4
868.8
869.2
869.6
870
870.4
870.8
871.2
871.6
872
872.4
872.8
873.2
873.6
874
874.4
874.8
875.2
875.6
876
876.4
876.8
877.2
877.6
878
878.4
878.8
879.2
879.6
880
880.4
880.8
881.2
881.6
882
882.4
882.8
883.2
883.6
884
884.4
884.8
885.2
885.6
886
886.4
886.8
887.2
887.6
888
888.4
888.8
889.2
889.6
890
890.4
890.8
891.2
891.6
892
892.4
892.8
893.2
893.6
894
894.4
894.8
895.2
895.6
896
896.4
896.8
897.2
897.6
898
898.4
898.8
899.2
899.6
900
900.4
900.8
901.2
901.6
902
902.4
902.8
903.2
903.6
904
904.4
904.8
905.2
905.6
906
906.4
906.8
907.2
907.6
908
908.4
908.8
909.2
909.6
910
910.4
910.8
911.2
911.6
912
912.4
912.8
913.2
913.6
914
914.4
914.8
915.2
915.6
916
916.4
916.8
917.2
917.6
918
918.4
918.8
919.2
919.6
920
920.4
920.8
921.2
921.6
922
922.4
922.8
923.2
923.6
924
924.4
924.8
925.2
925.6
926
926.4
926.8
927.2
927.6
928
928.4
928.8
929.2
929.6
930
930.4
930.8
931.2
931.6
932
932.4
932.8
933.2
933.6
934
934.4
934.8
935.2
935.6
936
936.4
936.8
937.2
937.6
938
938.4
938.8
939.2
939.6
940
940.4
940.8
941.2
941.6
942
942.4
942.8
943.2
943.6
944
944.4
944.8
945.2
945.6
946
946.4
946.8
947.2
947.6
948
948.4
948.8
949.2
949.6
950
950.4
950.8
951.2
951.6
952
952.4
952.8
953.2
953.6
954
954.4
954.8
955.2
955.6
956
956.4
956.8
957.2
957.6
958
958.4
958.8
959.2
959.6
960
960.4
960.8
961.2
961.6
962
962.4
962.8
963.2
963.6
964
964.4
964.8
965.2
965.6
966
966.4
966.8
967.2
967.6
968
968.4
968.8
969.2
969.6
970
970.4
970.8
971.2
971.6
972
972.4
972.8
973.2
973.6
974
974.4
974.8
975.2
975.6
976
976.4
976.8
977.2
977.6
978
978.4
978.8
979.2
979.6
980
980.4
980.8
981.2
981.6
982
982.4
982.8
983.2
983.6
984
984.4
984.8
985.2
985.6
986
986.4
986.8
987.2
987.6
988
988.4
988.8
989.2
989.6
990
990.4
990.8
991.2
991.6
992
992.4
992.8
993.2
993.6
994
994.4
994.8
995.2
995.6
996
996.4
996.8
997.2
997.6
998
998.4
998.8
999.2
999.6
1000
1000.4
1000.8
1001.2
1001.6
1002
1002.4
1002.8
1003.2
1003.6
1004
1004.4
1004.8
1005.2
1005.6
1006
1006.4
1006.8
1007.2
1007.6
1008
1008.4
1008.8
1009.2
1009.6
1010
1010.4
1010.8
1011.2
1011.6
1012
1012.4
1012.8
1013.2
1013.6
1014
1014.4
1014.8
1015.2
1015.6
1016
1016.4
1016.8
1017.2
1017.6
1018
1018.4
1018.8
1019.2
1019.6
1020
1020.4
1020.8
1021.2
1021.6
1022
1022.4
1022.8
1023.2
1023.6
1024
1024.4
1024.8
1025.2
1025.6
1026
1026.4
1026.8
1027.2
1027.6
1028
1028.4
1028.8
1029.2
1029.6
1030
1030.4
1030.8
1031.2
1031.6
1032
1032.4
1032.8
1033.2
1033.6
1034
1034.4
1034.8
1035.2
1035.6
1036
1036.4
1036.8
1037.2
1037.6
1038
1038.4
1038.8
1039.2
1039.6
1040
1040.4
1040.8
1041.2
1041.6
1042
1042.4
1042.8
1043.2
1043.6
1044
1044.4
1044.8
1045.2
1045.6
1046
1046.4
1046.8
1047.2
1047.6
1048
1048.4
1048.8
1049.2
1049.6
1050
1050.4
1050.8
1051.2
1051.6
1052
1052.4
1052.8
1053.2
1053.6
1054
1054.4
1054.8
1055.2
1055.6
1056
1056.4
1056.8
1057.2
1057.6
1058
1058.4
1058.8
1059.2
1059.6
1060
1060.4
1060.8
1061.2
1061.6
1062
1062.4
1062.8
1063.2
1063.6
1064
1064.4
1064.8
1065.2
1065.6
1066
1066.4
1066.8
1067.2
1067.6
1068
1068.4
1068.8
1069.2
1069.6
1070
1070.4
1070.8
1071.2
1071.6
1072
1072.4
1072.8
1073.2
1073.6
1074
1074.4
1074.8
1075.2
1075.6
1076
1076.4
1076.8
1077.2
1077.6
1078
1078.4
1078.8
1079.2
1079.6
1080
1080.4
1080.8
1081.2
1081.6
1082
1082.4
1082.8
1083.2
1083.6
1084
1084.4
1084.8
1085.2
1085.6
1086
1086.4
1086.8
1087.2
1087.6
1088
1088.4
1088.8
1089.2
1089.6
1090
1090.4
1090.8
1091.2
1091.6
1092
1092.4
1092.8
1093.2
1093.6
1094
1094.4
1094.8
1095.2
1095.6
1096
1096.4
1096.8
1097.2
1097.6
1098
1098.4
1098.8
1099.2
1099.6
1100
1100.4
1100.8
1101.2
1101.6
1102
1102.4
1102.8
1103.2
1103.6
1104
1104.4
1104.8
1105.2
1105.6
1106
1106.4
1106.8
1107.2
1107.6
1108
1108.4
1108.8
1109.2
1109.6
1110
1110.4
1110.8
1111.2
1111.6
1112
1112.4
1112.8
1113.2
1113.6
1114
1114.4
1114.8
1115.2
1115.6
1116
1116.4
1116.8
1117.2
1117.6
1118
1118.4
1118.8
1119.2
1119.6
1120
1120.4
1120.8
1121.2
1121.6
1122
1122.4
1122.8
1123.2
1123.6
1124
1124.4
1124.8
1125.2
1125.6
1126
1126.4
1126.8
1127.2
1127.6
1128
1128.4
1128.8
1129.2
1129.6
1130
1130.4
1130.8
1131.2
1131.6
1132
1132.4
1132.8
1133.2
1133.6
1134
1134.4
1134.8
1135.2
1135.6
1136
1136.4
1136.8
1137.2
1137.6
1138
1138.4
1138.8
1139.2
1139.6
1140
1140.4
1140.8
1141.2
1141.6
1142
1142.4
1142.8
1143.2
1143.6
1144
1144.4
1144.8
1145.2
1145.6
1146
1146.4
1146.8
1147.2
1147.6
1148
1148.4
1148.8
1149.2
1149.6
1150
1150.4
1150.8
1151.2
1151.6
1152
1152.4
1152.8
1153.2
1153.6
1154
1154.4
1154.8
1155.2
1155.6
1156
1156.4
1156.8
1157.2
1157.6
1158
1158.4
1158.8
1159.2
1159.6
1160
1160.4
1160.8
1161.2
1161.6
1162
1162.4
1162.8
1163.2
1163.6
1164
1164.4
1164.8
1165.2
1165.6
1166
1166.4
1166.8
1167.2
1167.6
1168
1168.4
1168.8
1169.2
1169.6
1170
1170.4
1170.8
1171.2
1171.6
1172
1172.4
1172.8
1173.2
1173.6
1174
1174.4
1174.8
1175.2
1175.6
1176
1176.4
1176.8
1177.2
1177.6
1178
1178.4
1178.8
1179.2
1179.6
1180
1180.4
1180.8
1181.2
1181.6
1182
1182.4
1182.8
1183.2
1183.6
1184
1184.4
1184.8
1185.2
1185.6
1186
1186.4
1186.8
1187.2
1187.6
1188
1188.4
1188.8
1189.2
1189.6
1190
1190.4
1190.8
1191.2
1191.6
1192
1192.4
1192.8
1193.2
1193.6
1194
1194.4
1194.8
1195.2
1195.6
1196
1196.4
1196.8
1197.2
1197.6
1198
1198.4
1198.8
1199.2
1199.6
1200
1200.4
1200.8
1201.2
1201.6
1202
1202.4
1202.8
1203.2
1203.6
1204
1204.4
1204.8
1205.2
1205.6
1206
1206.4
1206.8
1207.2
1207.6
1208
1208.4
1208.8
1209.2
1209.6
1210
1210.4
1210.8
1211.2
1211.6
1212
1212.4
1212.8
1213.2
1213.6
1214
1214.4
1214.8
1215.2
1215.6
1216
1216.4
1216.8
1217.2
1217.6
1218
1218.4
1218.8
1219.2
1219.6
1220
1220.4
1220.8
1221.2
1221.6
1222
1222.4
1222.8
1223.2
1223.6
1224
1224.4
1224.8
1225.2
1225.6
1226
1226.4
1226.8
1227.2
1227.6
1228
1228.4
1228.8
1229.2
1229.6
1230
1230.4
1230.8
1231.2
1231.6
1232
1232.4
1232.8
1233.2
1233.6
1234
1234.4
1234.8
1235.2
1235.6
1236
1236.4
1236.8
1237.2
1237.6
1238
1238.4
1238.8
1239.2
1239.6
1240
1240.4
1240.8
1241.2
1241.6
1242
1242.4
1242.8
1243.2
1243.6
1244
1244.4
1244.8
1245.2
1245.6
1246
1246.4
1246.8
1247.2
1247.6
1248
1248.4
1248.8
1249.2
1249.6
1250
1250.4
1250.8
1251.2
1251.6
1252
1252.4
1252.8
1253.2
1253.6
1254
1254.4
1254.8
1255.2
1255.6
1256
1256.4
1256.8
1257.2
1257.6
1258
1258.4
1258.8
1259.2
1259.6
1260
1260.4
1260.8
1261.2
1261.6
1262
1262.4
1262.8
1263.2
1263.6
1264
1264.4
1264.8
1265.2
1265.6
1266
1266.4
1266.8
1267.2
1267.6
1268
1268.4
1268.8
1269.2
1269.6
1270
1270.4
1270.8
1271.2
1271.6
1272
1272.4
1272.8
1273.2
1273.6
1274
1274.4
1274.8
1275.2
1275.6
1276
1276.4
1276.8
1277.2
1277.6
1278
1278.4
1278.8
1279.2
1279.6
1280
1280.4
1280.8
1281.2
1281.6
1282
1282.4
1282.8
1283.2
1283.6
1284
1284.4
1284.8
1285.2
1285.6
1286
1286.4
1286.8
1287.2
1287.6
1288
1288.4
1288.8
1289.2
1289.6
1290
1290.4
1290.8
1291.2
1291.6
1292
1292.4
1292.8
1293.2
1293.6
1294
1294.4
1294.8
1295.2
1295.6
1296
1296.4
1296.8
1297.2
1297.6
1298
1298.4
1298.8
1299.2
1299.6
1300
1300.4
1300.8
1301.2
1301.6
1302
1302.4
1302.8
1303.2
1303.6
1304
1304.4
1304.8
1305.2
1305.6
1306
1306.4
1306.8
1307.2
1307.6
1308
1308.4
1308.8
1309.2
1309.6
1310
1310.4
1310.8
1311.2
1311.6
1312
1312.4
1312.8
1313.2
1313.6
1314
1314.4
1314.8
1315.2
1315.6
1316
1316.4
1316.8
1317.2
1317.6
1318
1318.4
1318.8
1319.2
1319.6
1320
1320.4
1320.8
1321.2
1321.6
1322
1322.4
1322.8
1323.2
1323.6
1324
1324.4
1324.8
1325.2
1325.6
1326
1326.4
1326.8
1327.2
1327.6
1328
1328.4
1328.8
1329.2
1329.6
1330
1330.4
1330.8
1331.2
1331.6
1332
1332.4
1332.8
1333.2
1333.6
1334
1334.4
1334.8
1335.2
1335.6
1336
1336.4
1336.8
1337.2
1337.6
1338
1338.4
1338.8
1339.2
1339.6
1340
1340.4
1340.8
1341.2
1341.6
1342
1342.4
1342.8
1343.2
1343.6
1344
1344.4
1344.8
1345.2
1345.6
1346
1346.4
1346.8
1347.2
1347.6
1348
1348.4
1348.8
1349.2
1349.6
1350
1350.4
1350.8
1351.2
1351.6
1352
1352.4
1352.8
1353.2
1353.6
1354
1354.4
1354.8
1355.2
1355.6
1356
1356.4
1356.8
1357.2
1357.6
1358
1358.4
1358.8
1359.2
1359.6
1360
1360.4
1360.8
1361.2
1361.6
1362
1362.4
1362.8
1363.2
1363.6
1364
1364.4
1364.8
1365.2
1365.6
1366
1366.4
1366.8
1367.2
1367.6
1368
1368.4
1368.8
1369.2
1369.6
1370
1370.4
1370.8
1371.2
1371.6
1372
1372.4
1372.8
1373.2
1373.6
1374
1374.4
1374.8
1375.2
1375.6
1376
1376.4
1376.8
1377.2
1377.6
1378
1378.4
1378.8
1379.2
1379.6
1380
1380.4
1380.8
1381.2
1381.6
1382
1382.4
1382.8
1383.2
1383.6
1384
1384.4
1384.8
1385.2
1385.6
1386
1386.4
1386.8
1387.2
1387.6
1388
1388.4
1388.8
1389.2
1389.6
1390
1390.4
1390.8
1391.2
1391.6
1392
1392.4
1392.8
1393.2
1393.6
1394
1394.4
1394.8
1395.2
1395.6
1396
1396.4
1396.8
1397.2
1397.6
1398
1398.4
1398.8
1399.2
1399.6
1400
1400.4
1400.8
1401.2
1401.6
1402
1402.4
1402.8
1403.2
1403.6
1404
1404.4
1404.8
1405.2
1405.6
1406
1406.4
1406.8
1407.2
1407.6
1408
1408.4
1408.8
1409.2
1409.6
1410
1410.4
1410.8
1411.2
1411.6
1412
1412.4
1412.8
1413.2
1413.6
1414
1414.4
1414.8
1415.2
1415.6
1416
1416.4
1416.8
1417.2
1417.6
1418
1418.4
1418.8
1419.2
1419.6
1420
1420.4
1420.8
1421.2
1421.6
1422
1422.4
1422.8
1423.2
1423.6
1424
1424.4
1424.8
1425.2
1425.6
1426
1426.4
1426.8
1427.2
1427.6
1428
1428.4
1428.8
1429.2
1429.6
1430
1430.4
1430.8
1431.2
1431.6
1432
1432.4
1432.8
1433.2
1433.6
1434
1434.4
1434.8
1435.2
1435.6
1436
1436.4
1436.8
1437.2
1437.6
1438
1438.4
1438.8
1439.2
1439.6
1440
1440.4
1440.8
1441.2
1441.6
1442
1442.4
1442.8
1443.2
1443.6
1444
1444.4
1444.8
1445.2
1445.6
1446
1446.4
1446.8
1447.2
1447.6
1448
1448.4
1448.8
1449.2
1449.6
1450
1450.4
1450.8
1451.2
1451.6
1452
1452.4
1452.8
1453.2
1453.6
1454
1454.4
1454.8
1455.2
1455.6
1456
1456.4
1456.8
1457.2
1457.6
1458
1458.4
1458.8
1459.2
1459.6
1460
1460.4
1460.8
1461.2
1461.6
1462
1462.4
1462.8
1463.2
1463.6
1464
1464.4
1464.8
1465.2
1465.6
1466
1466.4
1466.8
1467.2
1467.6
1468
1468.4
1468.8
1469.2
1469.6
1470
1470.4
1470.8
1471.2
1471.6
1472
1472.4
1472.8
1473.2
1473.6
1474
1474.4
1474.8
1475.2
1475.6
1476
1476.4
1476.8
1477.2
1477.6
1478
1478.4
1478.8
1479.2
1479.6
1480
1480.4
1480.8
1481.2
1481.6
1482
1482.4
1482.8
1483.2
1483.6
1484
1484.4
1484.8
1485.2
1485.6
1486
1486.4
1486.8
1487.2
1487.6
1488
1488.4
1488.8
1489.2
1489.6
1490
1490.4
1490.8
1491.2
1491.6
1492
1492.4
1492.8
1493.2
1493.6
1494
1494.4
1494.8
1495.2
1495.6
1496
1496.4
1496.8
1497.2
1497.6
1498
1498.4
1498.8
1499.2
1499.6
1500
1500.4
1500.8
1501.2
1501.6
1502
1502.4
1502.8
1503.2
1503.6
1504
1504.4
1504.8
1505.2
1505.6
1506
1506.4
1506.8
1507.2
1507.6
1508
1508.4
1508.8
1509.2
1509.6
1510
1510.4
1510.8
1511.2
1511.6
1512
1512.4
1512.8
1513.2
1513.6
1514
1514.4
1514.8
1515.2
1515.6
1516
1516.4
1516.8
1517.2
1517.6
1518
1518.4
1518.8
1519.2
1519.6
1520
1520.4
1520.8
1521.2
1521.6
1522
1522.4
1522.8
1523.2
1523.6
1524
1524.4
1524.8
1525.2
1525.6
1526
1526.4
1526.8
1527.2
1527.6
1528
1528.4
1528.8
1529.2
1529.6
1530
1530.4
1530.8
1531.2
1531.6
1532
1532.4
1532.8
1533.2
1533.6
1534
1534.4
1534.8
1535.2
1535.6
1536
1536.4
1536.8
1537.2
1537.6
1538
1538.4
1538.8
1539.2
1539.6
1540
1540.4
1540.8
1541.2
1541.6
1542
1542.4
1542.8
1543.2
1543.6
1544
1544.4
1544.8
1545.2
1545.6
1546
1546.4
1546.8
1547.2
1547.6
1548
1548.4
1548.8
1549.2
1549.6
1550
1550.4
1550.8
1551.2
1551.6
1552
1552.4
1552.8
1553.2
1553.6
1554
1554.4
1554.8
1555.2
1555.6
1556
1556.4
1556.8
1557.2
1557.6
1558
1558.4
1558.8
1559.2
1559.6
1560
