-3000
-2997.5
-2995
-2992.5
-2990
-2987.5
-2985
-2982.5
-2980
-2977.5
-2975
-2972.5
-2970
-2967.5
-2965
-2962.5
-2960
-2957.5
-2955
-2952.5
-2950
-2947.5
-2945
-2942.5
-2940
-2937.5
-2935
-2932.5
-2930
-2927.5
-2925
-2922.5
-2920
-2917.5
-2915
-2912.5
-2910
-2907.5
-2905
-2902.5
-2900
-2897.5
-2895
-2892.5
-2890
-2887.5
-2885
-2882.5
-2880
-2877.5
-2875
-2872.5
-2870
-2867.5
-2865
-2862.5
-2860
-2857.5
-2855
-2852.5
-2850
-2847.5
-2845
-2842.5
-2840
-2837.5
-2835
-2832.5
-2830
-2827.5
-2825
-2822.5
-2820
-2817.5
-2815
-2812.5
-2810
-2807.5
-2805
-2802.5
-2800
-2797.5
-2795
-2792.5
-2790
-2787.5
-2785
-2782.5
-2780
-2777.5
-2775
-2772.5
-2770
-2767.5
-2765
-2762.5
-2760
-2757.5
-2755
-2752.5
-2750
-2747.5
-2745
-2742.5
-2740
-2737.5
-2735
-2732.5
-2730
-2727.5
-2725
-2722.5
-2720
-2717.5
-2715
-2712.5
-2710
-2707.5
-2705
-2702.5
-2700
-2697.5
-2695
-2692.5
-2690
-2687.5
-2685
-2682.5
-2680
-2677.5
-2675
-2672.5
-2670
-2667.5
-2665
-2662.5
-2660
-2657.5
-2655
-2652.5
-2650
-2647.5
-2645
-2642.5
-2640
-2637.5
-2635
-2632.5
-2630
-2627.5
-2625
-2622.5
-2620
-2617.5
-2615
-2612.5
-2610
-2607.5
-2605
-2602.5
-2600
-2597.5
-2595
-2592.5
-2590
-2587.5
-2585
-2582.5
-2580
-2577.5
-2575
-2572.5
-2570
-2567.5
-2565
-2562.5
-2560
-2557.5
-2555
-2552.5
-2550
-2547.5
-2545
-2542.5
-2540
-2537.5
-2535
-2532.5
-2530
-2527.5
-2525
-2522.5
-2520
-2517.5
-2515
-2512.5
-2510
-2507.5
-2505
-2502.5
-2500
-2497.5
-2495
-2492.5
-2490
-2487.5
-2485
-2482.5
-2480
-2477.5
-2475
-2472.5
-2470
-2467.5
-2465
-2462.5
-2460
-2457.5
-2455
-2452.5
-2450
-2447.5
-2445
-2442.5
-2440
-2437.5
-2435
-2432.5
-2430
-2427.5
-2425
-2422.5
-2420
-2417.5
-2415
-2412.5
-2410
-2407.5
-2405
-2402.5
-2400
-2397.5
-2395
-2392.5
-2390
-2387.5
-2385
-2382.5
-2380
-2377.5
-2375
-2372.5
-2370
-2367.5
-2365
-2362.5
-2360
-2357.5
-2355
-2352.5
-2350
-2347.5
-2345
-2342.5
-2340
-2337.5
-2335
-2332.5
-2330
-2327.5
-2325
-2322.5
-2320
-2317.5
-2315
-2312.5
-2310
-2307.5
-2305
-2302.5
-2300
-2297.5
-2295
-2292.5
-2290
-2287.5
-2285
-2282.5
-2280
-2277.5
-2275
-2272.5
-2270
-2267.5
-2265
-2262.5
-2260
-2257.5
-2255
-2252.5
-2250
-2247.5
-2245
-2242.5
-2240
-2237.5
-2235
-2232.5
-2230
-2227.5
-2225
-2222.5
-2220
-2217.5
-2215
-2212.5
-2210
-2207.5
-2205
-2202.5
-2200
-2197.5
-2195
-2192.5
-2190
-2187.5
-2185
-2182.5
-2180
-2177.5
-2175
-2172.5
-2170
-2167.5
-2165
-2162.5
-2160
-2157.5
-2155
-2152.5
-2150
-2147.5
-2145
-2142.5
-2140
-2137.5
-2135
-2132.5
-2130
-2127.5
-2125
-2122.5
-2120
-2117.5
-2115
-2112.5
-2110
-2107.5
-2105
-2102.5
-2100
-2097.5
-2095
-2092.5
-2090
-2087.5
-2085
-2082.5
-2080
-2077.5
-2075
-2072.5
-2070
-2067.5
-2065
-2062.5
-2060
-2057.5
-2055
-2052.5
-2050
-2047.5
-2045
-2042.5
-2040
-2037.5
-2035
-2032.5
-2030
-2027.5
-2025
-2022.5
-2020
-2017.5
-2015
-2012.5
-2010
-2007.5
-2005
-2002.5
-2000
-1997.5
-1995
-1992.5
-1990
-1987.5
-1985
-1982.5
-1980
-1977.5
-1975
-1972.5
-1970
-1967.5
-1965
-1962.5
-1960
-1957.5
-1955
-1952.5
-1950
-1947.5
-1945
-1942.5
-1940
-1937.5
-1935
-1932.5
-1930
-1927.5
-1925
-1922.5
-1920
-1917.5
-1915
-1912.5
-1910
-1907.5
-1905
-1902.5
-1900
-1897.5
-1895
-1892.5
-1890
-1887.5
-1885
-1882.5
-1880
-1877.5
-1875
-1872.5
-1870
-1867.5
-1865
-1862.5
-1860
-1857.5
-1855
-1852.5
-1850
-1847.5
-1845
-1842.5
-1840
-1837.5
-1835
-1832.5
-1830
-1827.5
-1825
-1822.5
-1820
-1817.5
-1815
-1812.5
-1810
-1807.5
-1805
-1802.5
-1800
-1797.5
-1795
-1792.5
-1790
-1787.5
-1785
-1782.5
-1780
-1777.5
-1775
-1772.5
-1770
-1767.5
-1765
-1762.5
-1760
-1757.5
-1755
-1752.5
-1750
-1747.5
-1745
-1742.5
-1740
-1737.5
-1735
-1732.5
-1730
-1727.5
-1725
-1722.5
-1720
-1717.5
-1715
-1712.5
-1710
-1707.5
-1705
-1702.5
-1700
-1697.5
-1695
-1692.5
-1690
-1687.5
-1685
-1682.5
-1680
-1677.5
-1675
-1672.5
-1670
-1667.5
-1665
-1662.5
-1660
-1657.5
-1655
-1652.5
-1650
-1647.5
-1645
-1642.5
-1640
-1637.5
-1635
-1632.5
-1630
-1627.5
-1625
-1622.5
-1620
-1617.5
-1615
-1612.5
-1610
-1607.5
-1605
-1602.5
-1600
-1597.5
-1595
-1592.5
-1590
-1587.5
-1585
-1582.5
-1580
-1577.5
-1575
-1572.5
-1570
-1567.5
-1565
-1562.5
-1560
-1557.5
-1555
-1552.5
-1550
-1547.5
-1545
-1542.5
-1540
-1537.5
-1535
-1532.5
-1530
-1527.5
-1525
-1522.5
-1520
-1517.5
-1515
-1512.5
-1510
-1507.5
-1505
-1502.5
-1500
-1497.5
-1495
-1492.5
-1490
-1487.5
-1485
-1482.5
-1480
-1477.5
-1475
-1472.5
-1470
-1467.5
-1465
-1462.5
-1460
-1457.5
-1455
-1452.5
-1450
-1447.5
-1445
-1442.5
-1440
-1437.5
-1435
-1432.5
-1430
-1427.5
-1425
-1422.5
-1420
-1417.5
-1415
-1412.5
-1410
-1407.5
-1405
-1402.5
-1400
-1397.5
-1395
-1392.5
-1390
-1387.5
-1385
-1382.5
-1380
-1377.5
-1375
-1372.5
-1370
-1367.5
-1365
-1362.5
-1360
-1357.5
-1355
-1352.5
-1350
-1347.5
-1345
-1342.5
-1340
-1337.5
-1335
-1332.5
-1330
-1327.5
-1325
-1322.5
-1320
-1317.5
-1315
-1312.5
-1310
-1307.5
-1305
-1302.5
-1300
-1297.5
-1295
-1292.5
-1290
-1287.5
-1285
-1282.5
-1280
-1277.5
-1275
-1272.5
-1270
-1267.5
-1265
-1262.5
-1260
-1257.5
-1255
-1252.5
-1250
-1247.5
-1245
-1242.5
-1240
-1237.5
-1235
-1232.5
-1230
-1227.5
-1225
-1222.5
-1220
-1217.5
-1215
-1212.5
-1210
-1207.5
-1205
-1202.5
-1200
-1197.5
-1195
-1192.5
-1190
-1187.5
-1185
-1182.5
-1180
-1177.5
-1175
-1172.5
-1170
-1167.5
-1165
-1162.5
-1160
-1157.5
-1155
-1152.5
-1150
-1147.5
-1145
-1142.5
-1140
-1137.5
-1135
-1132.5
-1130
-1127.5
-1125
-1122.5
-1120
-1117.5
-1115
-1112.5
-1110
-1107.5
-1105
-1102.5
-1100
-1097.5
-1095
-1092.5
-1090
-1087.5
-1085
-1082.5
-1080
-1077.5
-1075
-1072.5
-1070
-1067.5
-1065
-1062.5
-1060
-1057.5
-1055
-1052.5
-1050
-1047.5
-1045
-1042.5
-1040
-1037.5
-1035
-1032.5
-1030
-1027.5
-1025
-1022.5
-1020
-1017.5
-1015
-1012.5
-1010
-1007.5
-1005
-1002.5
-1000
-997.5
-995
-992.5
-990
-987.5
-985
-982.5
-980
-977.5
-975
-972.5
-970
-967.5
-965
-962.5
-960
-957.5
-955
-952.5
-950
-947.5
-945
-942.5
-940
-937.5
-935
-932.5
-930
-927.5
-925
-922.5
-920
-917.5
-915
-912.5
-910
-907.5
-905
-902.5
-900
-897.5
-895
-892.5
-890
-887.5
-885
-882.5
-880
-877.5
-875
-872.5
-870
-867.5
-865
-862.5
-860
-857.5
-855
-852.5
-850
-847.5
-845
-842.5
-840
-837.5
-835
-832.5
-830
-827.5
-825
-822.5
-820
-817.5
-815
-812.5
-810
-807.5
-805
-802.5
-800
-797.5
-795
-792.5
-790
-787.5
-785
-782.5
-780
-777.5
-775
-772.5
-770
-767.5
-765
-762.5
-760
-757.5
-755
-752.5
-750
-747.5
-745
-742.5
-740
-737.5
-735
-732.5
-730
-727.5
-725
-722.5
-720
-717.5
-715
-712.5
-710
-707.5
-705
-702.5
-700
-697.5
-695
-692.5
-690
-687.5
-685
-682.5
-680
-677.5
-675
-672.5
-670
-667.5
-665
-662.5
-660
-657.5
-655
-652.5
-650
-647.5
-645
-642.5
-640
-637.5
-635
-632.5
-630
-627.5
-625
-622.5
-620
-617.5
-615
-612.5
-610
-607.5
-605
-602.5
-600
-597.5
-595
-592.5
-590
-587.5
-585
-582.5
-580
-577.5
-575
-572.5
-570
-567.5
-565
-562.5
-560
-557.5
-555
-552.5
-550
-547.5
-545
-542.5
-540
-537.5
-535
-532.5
-530
-527.5
-525
-522.5
-520
-517.5
-515
-512.5
-510
-507.5
-505
-502.5
-500
-497.5
-495
-492.5
-490
-487.5
-485
-482.5
-480
-477.5
-475
-472.5
-470
-467.5
-465
-462.5
-460
-457.5
-455
-452.5
-450
-447.5
-445
-442.5
-440
-437.5
-435
-432.5
-430
-427.5
-425
-422.5
-420
-417.5
-415
-412.5
-410
-407.5
-405
-402.5
-400
-397.5
-395
-392.5
-390
-387.5
-385
-382.5
-380
-377.5
-375
-372.5
-370
-367.5
-365
-362.5
-360
-357.5
-355
-352.5
-350
-347.5
-345
-342.5
-340
-337.5
-335
-332.5
-330
-327.5
-325
-322.5
-320
-317.5
-315
-312.5
-310
-307.5
-305
-302.5
-300
-297.5
-295
-292.5
-290
-287.5
-285
-282.5
-280
-277.5
-275
-272.5
-270
-267.5
-265
-262.5
-260
-257.5
-255
-252.5
-250
-247.5
-245
-242.5
-240
-237.5
-235
-232.5
-230
-227.5
-225
-222.5
-220
-217.5
-215
-212.5
-210
-207.5
-205
-202.5
-200
-197.5
-195
-192.5
-190
-187.5
-185
-182.5
-180
-177.5
-175
-172.5
-170
-167.5
-165
-162.5
-160
-157.5
-155
-152.5
-150
-147.5
-145
-142.5
-140
-137.5
-135
-132.5
-130
-127.5
-125
-122.5
-120
-117.5
-115
-112.5
-110
-107.5
-105
-102.5
-100
-97.5
-95
-92.5
-90
-87.5
-85
-82.5
-80
-77.5
-75
-72.5
-70
-67.5
-65
-62.5
-60
-57.5
-55
-52.5
-50
-47.5
-45
-42.5
-40
-37.5
-35
-32.5
-30
-27.5
-25
-22.5
-20
-17.5
-15
-12.5
-10
-7.5
-5
-2.5
0
2.5
5
7.5
10
12.5
15
17.5
20
22.5
25
27.5
30
32.5
35
37.5
40
42.5
45
47.5
50
52.5
55
57.5
60
62.5
65
67.5
70
72.5
75
77.5
80
82.5
85
87.5
90
92.5
95
97.5
100
102.5
105
107.5
110
112.5
115
117.5
120
122.5
125
127.5
130
132.5
135
137.5
140
142.5
145
147.5
150
152.5
155
157.5
160
162.5
165
167.5
170
172.5
175
177.5
180
182.5
185
187.5
190
192.5
195
197.5
200
202.5
205
207.5
210
212.5
215
217.5
220
222.5
225
227.5
230
232.5
235
237.5
240
242.5
245
247.5
250
252.5
255
257.5
260
262.5
265
267.5
270
272.5
275
277.5
280
282.5
285
287.5
290
292.5
295
297.5
300
302.5
305
307.5
310
312.5
315
317.5
320
322.5
325
327.5
330
332.5
335
337.5
340
342.5
345
347.5
350
352.5
355
357.5
360
362.5
365
367.5
370
372.5
375
377.5
380
382.5
385
387.5
390
392.5
395
397.5
400
402.5
405
407.5
410
412.5
415
417.5
420
422.5
425
427.5
430
432.5
435
437.5
440
442.5
445
447.5
450
452.5
455
457.5
460
462.5
465
467.5
470
472.5
475
477.5
480
482.5
485
487.5
490
492.5
495
497.5
500
502.5
505
507.5
510
512.5
515
517.5
520
522.5
525
527.5
530
532.5
535
537.5
540
542.5
545
547.5
550
552.5
555
557.5
560
562.5
565
567.5
570
572.5
575
577.5
580
582.5
585
587.5
590
592.5
595
597.5
600
602.5
605
607.5
610
612.5
615
617.5
620
622.5
625
627.5
630
632.5
635
637.5
640
642.5
645
647.5
650
652.5
655
657.5
660
662.5
665
667.5
670
672.5
675
677.5
680
682.5
685
687.5
690
692.5
695
697.5
700
702.5
705
707.5
710
712.5
715
717.5
720
722.5
725
727.5
730
732.5
735
737.5
740
742.5
745
747.5
750
752.5
755
757.5
760
762.5
765
767.5
770
772.5
775
777.5
780
782.5
785
787.5
790
792.5
795
797.5
800
802.5
805
807.5
810
812.5
815
817.5
820
822.5
825
827.5
830
832.5
835
837.5
840
842.5
845
847.5
850
852.5
855
857.5
860
862.5
865
867.5
870
872.5
875
877.5
880
882.5
885
887.5
890
892.5
895
897.5
900
902.5
905
907.5
910
912.5
915
917.5
920
922.5
925
927.5
930
932.5
935
937.5
940
942.5
945
947.5
950
952.5
955
957.5
960
962.5
965
967.5
970
972.5
975
977.5
980
982.5
985
987.5
990
992.5
995
997.5
1000
1002.5
1005
1007.5
1010
1012.5
1015
1017.5
1020
1022.5
1025
1027.5
1030
1032.5
1035
1037.5
1040
1042.5
1045
1047.5
1050
1052.5
1055
1057.5
1060
1062.5
1065
1067.5
1070
1072.5
1075
1077.5
1080
1082.5
1085
1087.5
1090
1092.5
1095
1097.5
1100
1102.5
1105
1107.5
1110
1112.5
1115
1117.5
1120
1122.5
1125
1127.5
1130
1132.5
1135
1137.5
1140
1142.5
1145
1147.5
1150
1152.5
1155
1157.5
1160
1162.5
1165
1167.5
1170
1172.5
1175
1177.5
1180
1182.5
1185
1187.5
1190
1192.5
1195
1197.5
1200
1202.5
1205
1207.5
1210
1212.5
1215
1217.5
1220
1222.5
1225
1227.5
1230
1232.5
1235
1237.5
1240
1242.5
1245
1247.5
1250
1252.5
1255
1257.5
1260
1262.5
1265
1267.5
1270
1272.5
1275
1277.5
1280
1282.5
1285
1287.5
1290
1292.5
1295
1297.5
1300
1302.5
1305
1307.5
1310
1312.5
1315
1317.5
1320
1322.5
1325
1327.5
1330
1332.5
1335
1337.5
1340
1342.5
1345
1347.5
1350
1352.5
1355
1357.5
1360
1362.5
1365
1367.5
1370
1372.5
1375
1377.5
1380
1382.5
1385
1387.5
1390
1392.5
1395
1397.5
1400
1402.5
1405
1407.5
1410
1412.5
1415
1417.5
1420
1422.5
1425
1427.5
1430
1432.5
1435
1437.5
1440
1442.5
1445
1447.5
1450
1452.5
1455
1457.5
1460
1462.5
1465
1467.5
1470
1472.5
1475
1477.5
1480
1482.5
1485
1487.5
1490
1492.5
1495
1497.5
1500
1502.5
1505
1507.5
1510
1512.5
1515
1517.5
1520
1522.5
1525
1527.5
1530
1532.5
1535
1537.5
1540
1542.5
1545
1547.5
1550
1552.5
1555
1557.5
1560
1562.5
1565
1567.5
1570
1572.5
1575
1577.5
1580
1582.5
1585
1587.5
1590
1592.5
1595
1597.5
1600
1602.5
1605
1607.5
1610
1612.5
1615
1617.5
1620
1622.5
1625
1627.5
1630
1632.5
1635
1637.5
1640
1642.5
1645
1647.5
1650
1652.5
1655
1657.5
1660
1662.5
1665
1667.5
1670
1672.5
1675
1677.5
1680
1682.5
1685
1687.5
1690
1692.5
1695
1697.5
1700
1702.5
1705
1707.5
1710
1712.5
1715
1717.5
1720
1722.5
1725
1727.5
1730
1732.5
1735
1737.5
1740
1742.5
1745
1747.5
1750
1752.5
1755
1757.5
1760
1762.5
1765
1767.5
1770
1772.5
1775
1777.5
1780
1782.5
1785
1787.5
1790
1792.5
1795
1797.5
1800
1802.5
1805
1807.5
1810
1812.5
1815
1817.5
1820
1822.5
1825
1827.5
1830
1832.5
1835
1837.5
1840
1842.5
1845
1847.5
1850
1852.5
1855
1857.5
1860
1862.5
1865
1867.5
1870
1872.5
1875
1877.5
1880
1882.5
1885
1887.5
1890
1892.5
1895
1897.5
1900
1902.5
1905
1907.5
1910
1912.5
1915
1917.5
1920
1922.5
1925
1927.5
1930
1932.5
1935
1937.5
1940
1942.5
1945
1947.5
1950
1952.5
1955
1957.5
1960
1962.5
1965
1967.5
1970
1972.5
1975
1977.5
1980
1982.5
1985
1987.5
1990
1992.5
1995
1997.5
2000
2002.5
2005
2007.5
2010
2012.5
2015
2017.5
2020
2022.5
2025
2027.5
2030
2032.5
2035
2037.5
2040
2042.5
2045
2047.5
2050
2052.5
2055
2057.5
2060
2062.5
2065
2067.5
2070
2072.5
2075
2077.5
2080
2082.5
2085
2087.5
2090
2092.5
2095
2097.5
2100
2102.5
2105
2107.5
2110
2112.5
2115
2117.5
2120
2122.5
2125
2127.5
2130
2132.5
2135
2137.5
2140
2142.5
2145
2147.5
2150
2152.5
2155
2157.5
2160
2162.5
2165
2167.5
2170
2172.5
2175
2177.5
2180
2182.5
2185
2187.5
2190
2192.5
2195
2197.5
2200
2202.5
2205
2207.5
2210
2212.5
2215
2217.5
2220
2222.5
2225
2227.5
2230
2232.5
2235
2237.5
2240
2242.5
2245
2247.5
2250
2252.5
2255
2257.5
2260
2262.5
2265
2267.5
2270
2272.5
2275
2277.5
2280
2282.5
2285
2287.5
2290
2292.5
2295
2297.5
2300
2302.5
2305
2307.5
2310
2312.5
2315
2317.5
2320
2322.5
2325
2327.5
2330
2332.5
2335
2337.5
2340
2342.5
2345
2347.5
2350
2352.5
2355
2357.5
2360
2362.5
2365
2367.5
2370
2372.5
2375
2377.5
2380
2382.5
2385
2387.5
2390
2392.5
2395
2397.5
2400
2402.5
2405
2407.5
2410
2412.5
2415
2417.5
2420
2422.5
2425
2427.5
2430
2432.5
2435
2437.5
2440
2442.5
2445
2447.5
2450
2452.5
2455
2457.5
2460
2462.5
2465
2467.5
2470
2472.5
2475
2477.5
2480
2482.5
2485
2487.5
2490
2492.5
2495
2497.5
2500
2502.5
2505
2507.5
2510
2512.5
2515
2517.5
2520
2522.5
2525
2527.5
2530
2532.5
2535
2537.5
2540
2542.5
2545
2547.5
2550
2552.5
2555
2557.5
2560
2562.5
2565
2567.5
2570
2572.5
2575
2577.5
2580
2582.5
2585
2587.5
2590
2592.5
2595
2597.5
2600
2602.5
2605
2607.5
2610
2612.5
2615
2617.5
2620
2622.5
2625
2627.5
2630
2632.5
2635
2637.5
2640
2642.5
2645
2647.5
2650
2652.5
2655
2657.5
2660
2662.5
2665
2667.5
2670
2672.5
2675
2677.5
2680
2682.5
2685
2687.5
2690
2692.5
2695
2697.5
2700
2702.5
2705
2707.5
2710
2712.5
2715
2717.5
2720
2722.5
2725
2727.5
2730
2732.5
2735
2737.5
2740
2742.5
2745
2747.5
2750
2752.5
2755
2757.5
2760
2762.5
2765
2767.5
2770
2772.5
2775
2777.5
2780
2782.5
2785
2787.5
2790
2792.5
2795
2797.5
2800
2802.5
2805
2807.5
2810
2812.5
2815
2817.5
2820
2822.5
2825
2827.5
2830
2832.5
2835
2837.5
2840
2842.5
2845
2847.5
2850
2852.5
2855
2857.5
2860
2862.5
2865
2867.5
2870
2872.5
2875
2877.5
2880
2882.5
2885
2887.5
2890
2892.5
2895
2897.5
2900
2902.5
2905
2907.5
2910
2912.5
2915
2917.5
2920
2922.5
2925
2927.5
2930
2932.5
2935
2937.5
2940
2942.5
2945
2947.5
2950
2952.5
2955
2957.5
2960
2962.5
2965
2967.5
2970
2972.5
2975
2977.5
2980
2982.5
2985
2987.5
2990
2992.5
2995
2997.5
3000
